Li2O,ZnO,TiO2,ZrO2,CaO,Nb2O5,Nb2O3,Al2O3,B2O3,Sb2O3,BaO,La2O3,SrO,SiO2,Na2O,PbO,Y2O3,K2O,ABBENUM
0.0,0.0,0.0,0.0,0.0,0.0,0.0,0.0,0.0,0.0,0.0,0.0,0.0,41.69,0.0,51.25,0.0,7.05,33.7999992
1.65,0.0,0.0,0.0,0.0,0.0,0.0,0.0,0.0,0.0,0.0,0.0,0.0,46.15,0.0,44.4,0.0,7.81,36.9000015
3.7,0.0,0.0,0.0,0.0,0.0,0.0,0.0,0.0,0.0,0.0,0.0,0.0,51.66,0.0,35.9,0.0,8.74,40.7999992
6.3,0.0,0.0,0.0,0.0,0.0,0.0,0.0,0.0,0.0,0.0,0.0,0.0,58.68,0.0,25.09,0.0,9.93,45.9000015
9.72,0.0,0.0,0.0,0.0,0.0,0.0,0.0,0.0,0.0,0.0,0.0,0.0,67.91,0.0,10.89,0.0,11.49,53.4000015
12.34,0.0,0.0,0.0,0.0,0.0,0.0,0.0,0.0,0.0,0.0,0.0,0.0,74.98,0.0,0.0,0.0,12.68,61.79999920000001
0.0,0.0,0.0,0.0,0.0,0.0,0.0,0.0,0.0,0.0,0.0,0.0,0.0,45.34,3.36,43.62,0.0,7.67,38.7999992
0.0,0.0,0.0,0.0,0.0,0.0,0.0,0.0,0.0,0.0,0.0,0.0,0.0,49.69,7.38,34.53,0.0,8.41,40.5
0.0,0.0,0.0,0.0,0.0,0.0,0.0,0.0,0.0,0.0,0.0,0.0,0.0,54.96,12.24,23.5,0.0,9.3,47.0
0.0,0.0,0.0,0.0,0.0,0.0,0.0,0.0,0.0,0.0,0.0,0.0,0.0,61.49,18.25,9.86,0.0,10.4,50.9000015
0.0,0.0,0.0,0.0,0.0,0.0,0.0,0.0,0.0,0.0,0.0,0.0,0.0,66.2,22.6,0.0,0.0,11.2,56.70000079999999
0.0,0.0,0.0,0.0,0.0,0.0,0.0,0.0,0.0,0.0,0.0,0.0,0.0,44.56,0.0,42.87,0.0,12.56,38.0
0.0,0.0,0.0,0.0,0.0,0.0,0.0,0.0,0.0,0.0,0.0,0.0,0.0,47.86,0.0,33.25,0.0,18.89,40.5
0.0,0.0,0.0,0.0,0.0,0.0,0.0,0.0,0.0,0.0,0.0,0.0,0.0,51.68,0.0,22.1,0.0,26.23,43.7000008
0.0,0.0,0.0,0.0,0.0,0.0,0.0,0.0,0.0,0.0,0.0,0.0,0.0,56.16,0.0,9.01,0.0,34.84,49.4000015
0.0,1.48,0.0,0.0,1.69,0.0,0.0,5.05,18.68,0.0,37.07,0.0,0.0,36.02,0.0,0.0,0.0,0.0,62.0
1.95,1.59,0.0,0.0,1.83,0.0,0.0,5.46,20.19,0.0,30.04,0.0,0.0,38.93,0.0,0.0,0.0,0.0,63.5164795
4.25,1.73,0.0,0.0,1.99,0.0,0.0,5.94,21.96,0.0,21.79,0.0,0.0,42.34,0.0,0.0,0.0,0.0,63.8202209
6.98,1.9,0.0,0.0,2.18,0.0,0.0,6.51,24.07,0.0,11.94,0.0,0.0,46.41,0.0,0.0,0.0,0.0,64.534874
10.3,2.1,0.0,0.0,2.42,0.0,0.0,7.2,26.63,0.0,0.0,0.0,0.0,51.35,0.0,0.0,0.0,0.0,65.3012085
0.0,1.56,0.0,0.0,1.79,0.0,0.0,5.35,19.77,0.0,29.43,0.0,0.0,38.13,3.96,0.0,0.0,0.0,62.2826042
0.0,1.66,0.0,0.0,1.91,0.0,0.0,5.68,21.0,0.0,20.83,0.0,0.0,40.5,8.42,0.0,0.0,0.0,61.99999620000001
0.0,1.77,0.0,0.0,2.03,0.0,0.0,6.06,22.39,0.0,11.11,0.0,0.0,43.18,13.47,0.0,0.0,0.0,62.1839104
0.0,1.89,0.0,0.0,2.18,0.0,0.0,6.49,23.98,0.0,0.0,0.0,0.0,46.24,19.23,0.0,0.0,0.0,62.49999620000001
0.0,1.53,0.0,0.0,1.76,0.0,0.0,5.24,19.38,0.0,28.83,0.0,0.0,37.36,0.0,0.0,0.0,5.9,62.555549600000006
0.0,1.59,0.0,0.0,1.83,0.0,0.0,5.44,20.12,0.0,19.96,0.0,0.0,38.8,0.0,0.0,0.0,12.26,62.4137917
0.0,1.65,0.0,0.0,1.9,0.0,0.0,5.66,20.93,0.0,10.38,0.0,0.0,40.35,0.0,0.0,0.0,19.13,63.0120468
0.0,1.72,0.0,0.0,1.98,0.0,0.0,5.9,21.8,0.0,0.0,0.0,0.0,42.03,0.0,0.0,0.0,26.57,62.8750038
0.0,0.0,0.0,0.0,0.0,0.0,0.0,0.0,11.37,0.0,0.0,0.0,0.0,78.51,10.12,0.0,0.0,0.0,66.13545989999999
0.0,0.0,0.0,0.0,0.0,0.0,0.0,0.0,27.78,0.0,0.0,0.0,0.0,62.33,9.89,0.0,0.0,0.0,65.68364720000001
0.0,0.0,0.0,0.0,0.0,0.0,0.0,0.0,36.54,0.0,0.0,0.0,0.0,53.69,9.77,0.0,0.0,0.0,64.8395691
0.0,0.0,0.0,0.0,0.0,0.0,0.0,0.0,53.52,0.0,0.0,0.0,0.0,36.95,9.53,0.0,0.0,0.0,63.7681122
0.0,0.0,0.0,0.0,0.0,0.0,0.0,0.0,22.38,0.0,0.0,0.0,0.0,65.67,11.95,0.0,0.0,0.0,65.7963409
0.0,0.0,0.0,0.0,0.0,0.0,0.0,0.0,14.15,0.0,0.0,0.0,0.0,73.26,12.59,0.0,0.0,0.0,66.3185425
0.0,0.0,0.0,0.0,0.0,0.0,0.0,0.0,14.7,0.0,0.0,0.0,0.0,72.21,13.09,0.0,0.0,0.0,65.6370697
0.0,0.0,0.0,0.0,0.0,0.0,0.0,0.0,36.5,0.0,0.0,0.0,0.0,50.52,12.98,0.0,0.0,0.0,65.0649414
0.0,0.0,0.0,0.0,0.0,0.0,0.0,0.0,33.04,0.0,0.0,0.0,0.0,53.23,13.73,0.0,0.0,0.0,65.3401718
0.0,0.0,0.0,0.0,0.0,0.0,0.0,0.0,16.9,0.0,0.0,0.0,0.0,68.06,15.04,0.0,0.0,0.0,65.3992386
0.0,0.0,0.0,0.0,0.0,0.0,0.0,0.0,27.74,0.0,0.0,0.0,0.0,57.45,14.82,0.0,0.0,0.0,65.35532380000001
0.0,0.0,0.0,0.0,0.0,0.0,0.0,0.0,43.39,0.0,0.0,0.0,0.0,42.13,14.48,0.0,0.0,0.0,64.49552920000001
0.0,0.0,0.0,0.0,0.0,0.0,0.0,0.0,22.35,0.0,0.0,0.0,0.0,61.73,15.92,0.0,0.0,0.0,65.28302760000001
0.0,0.0,0.0,0.0,0.0,0.0,0.0,0.0,18.75,0.0,0.0,0.0,0.0,64.55,16.7,0.0,0.0,0.0,64.71322629999999
0.0,0.0,0.0,0.0,0.0,0.0,0.0,0.0,16.89,0.0,0.0,0.0,0.0,66.07,17.04,0.0,0.0,0.0,64.5080948
0.0,0.0,0.0,0.0,0.0,0.0,0.0,0.0,14.13,0.0,0.0,0.0,0.0,68.27,17.61,0.0,0.0,0.0,63.8613892
0.0,0.0,0.0,0.0,0.0,0.0,0.0,0.0,19.62,0.0,0.0,0.0,0.0,62.91,17.47,0.0,0.0,0.0,64.5601044
0.0,0.0,0.0,0.0,0.0,0.0,0.0,0.0,33.01,0.0,0.0,0.0,0.0,49.85,17.14,0.0,0.0,0.0,65.4911804
0.0,0.0,0.0,0.0,0.0,0.0,0.0,0.0,11.34,0.0,0.0,0.0,0.0,70.48,18.18,0.0,0.0,0.0,62.89925770000001
0.0,0.0,0.0,0.0,0.0,0.0,0.0,0.0,5.71,0.0,0.0,0.0,0.0,74.96,19.33,0.0,0.0,0.0,61.26675030000001
0.0,0.0,0.0,0.0,0.0,0.0,0.0,0.0,21.25,0.0,0.0,0.0,0.0,59.84,18.92,0.0,0.0,0.0,64.17177579999999
0.0,0.0,0.0,0.0,0.0,0.0,0.0,0.0,22.32,0.0,0.0,0.0,0.0,57.8,19.87,0.0,0.0,0.0,64.0586853
0.0,0.0,0.0,0.0,0.0,0.0,0.0,0.0,23.4,0.0,0.0,0.0,0.0,55.77,20.83,0.0,0.0,0.0,63.9902725
0.0,0.0,0.0,0.0,0.0,0.0,0.0,0.0,25.0,0.0,0.0,0.0,0.0,52.74,22.26,0.0,0.0,0.0,63.95630260000001
0.0,0.0,0.0,0.0,0.0,0.0,0.0,0.0,25.53,0.0,0.0,0.0,0.0,51.74,22.73,0.0,0.0,0.0,63.6473351
0.0,0.0,0.0,0.0,0.0,0.0,0.0,0.0,26.59,0.0,0.0,0.0,0.0,49.73,23.68,0.0,0.0,0.0,63.3853531
0.0,0.0,0.0,0.0,0.0,0.0,0.0,0.0,27.65,0.0,0.0,0.0,0.0,47.73,24.62,0.0,0.0,0.0,62.8571434
0.0,0.0,0.0,0.0,0.0,0.0,0.0,0.0,30.28,0.0,0.0,0.0,0.0,42.76,26.96,0.0,0.0,0.0,62.411346400000006
0.0,0.0,0.0,0.0,0.0,0.0,0.0,0.0,32.88,0.0,0.0,0.0,0.0,37.84,29.28,0.0,0.0,0.0,61.75438689999999
0.0,0.0,0.0,0.0,0.0,0.0,0.0,0.0,36.29,0.0,0.0,0.0,0.0,31.41,32.3,0.0,0.0,0.0,60.8342934
0.0,0.0,0.0,0.0,0.0,0.0,0.0,0.0,10.8,0.0,0.0,0.0,0.0,74.58,0.0,0.0,0.0,14.62,67.6075287
0.0,0.0,0.0,0.0,0.0,0.0,0.0,0.0,12.1,0.0,0.0,0.0,0.0,71.53,0.0,0.0,0.0,16.37,66.8865356
0.0,0.0,0.0,0.0,0.0,0.0,0.0,0.0,13.28,0.0,0.0,0.0,0.0,68.76,0.0,0.0,0.0,17.97,66.9724808
0.0,0.0,0.0,0.0,0.0,0.0,0.0,0.0,15.67,0.0,0.0,0.0,0.0,63.12,0.0,0.0,0.0,21.21,66.6666718
0.0,0.0,0.0,0.0,0.0,0.0,0.0,0.0,17.26,0.0,0.0,0.0,0.0,59.39,0.0,0.0,0.0,23.35,67.01164250000001
0.0,0.0,0.0,0.0,0.0,0.0,0.0,0.0,17.72,0.0,0.0,0.0,0.0,58.31,0.0,0.0,0.0,23.97,66.7525787
0.0,0.0,0.0,0.0,0.0,0.0,0.0,0.0,17.99,0.0,0.0,0.0,0.0,57.67,0.0,0.0,0.0,24.34,66.5384674
0.0,0.0,0.0,0.0,0.0,0.0,0.0,0.0,18.63,0.0,0.0,0.0,0.0,56.17,0.0,0.0,0.0,25.2,66.1146545
0.0,0.0,0.0,0.0,0.0,0.0,0.0,0.0,19.35,0.0,0.0,0.0,0.0,54.48,0.0,0.0,0.0,26.17,65.73957060000001
0.0,0.0,0.0,0.0,0.0,0.0,0.0,0.0,21.11,0.0,0.0,0.0,0.0,50.32,0.0,0.0,0.0,28.56,65.8227844
0.0,0.0,0.0,0.0,0.0,0.0,0.0,0.0,21.98,0.0,0.0,0.0,0.0,48.28,0.0,0.0,0.0,29.74,65.3266296
0.0,0.0,0.0,0.0,0.0,0.0,0.0,0.0,22.41,0.0,0.0,0.0,0.0,47.27,0.0,0.0,0.0,30.32,64.794014
0.0,0.0,0.0,0.0,0.0,0.0,0.0,0.0,22.84,0.0,0.0,0.0,0.0,46.27,0.0,0.0,0.0,30.9,65.20101170000001
0.0,0.0,0.0,0.0,0.0,0.0,0.0,0.0,23.68,0.0,0.0,0.0,0.0,44.28,0.0,0.0,0.0,32.04,65.20101170000001
0.0,0.0,0.0,0.0,0.0,0.0,0.0,0.0,26.56,0.0,0.0,0.0,0.0,37.51,0.0,0.0,0.0,35.93,63.66994860000001
0.0,0.0,0.0,0.0,0.0,0.0,0.0,0.0,14.67,0.0,0.0,0.0,0.0,47.87,0.0,0.0,0.0,37.46,61.8990402
0.0,0.0,0.0,0.0,0.0,0.0,0.0,0.0,23.04,0.0,0.0,0.0,0.0,43.14,0.0,0.0,0.0,33.82,64.4720535
0.0,0.0,0.0,0.0,0.0,0.0,0.0,0.0,24.52,0.0,0.0,0.0,0.0,42.32,0.0,0.0,0.0,33.17,64.3478241
0.0,0.0,0.0,0.0,0.0,0.0,0.0,0.0,29.46,0.0,0.0,0.0,0.0,39.58,0.0,0.0,0.0,30.96,66.0714264
0.0,0.0,0.0,0.0,0.0,0.0,0.0,0.0,10.13,0.0,0.0,0.0,0.0,59.02,0.0,0.0,0.0,30.84,63.4448547
0.0,0.0,0.0,0.0,0.0,0.0,0.0,0.0,11.25,0.0,0.0,0.0,0.0,58.32,0.0,0.0,0.0,30.43,64.125
0.0,0.0,0.0,0.0,0.0,0.0,0.0,0.0,40.35,0.0,0.0,0.0,0.0,39.18,0.0,0.0,0.0,20.47,65.6618652
0.0,0.0,0.0,0.0,0.0,0.0,0.0,0.0,3.22,0.0,0.0,0.0,0.0,69.5,0.0,0.0,0.0,27.28,62.7672882
0.0,0.0,0.0,0.0,0.0,0.0,0.0,0.0,5.19,0.0,0.0,0.0,0.0,68.11,0.0,0.0,0.0,26.7,63.5101051
0.0,0.0,0.0,0.0,0.0,0.0,0.0,0.0,6.43,0.0,0.0,0.0,0.0,67.17,0.0,0.0,0.0,26.4,63.39622120000001
0.0,0.0,0.0,0.0,0.0,0.0,0.0,0.0,9.43,0.0,0.0,0.0,0.0,65.04,0.0,0.0,0.0,25.53,64.5939026
0.0,0.0,0.0,0.0,0.0,0.0,0.0,0.0,10.36,0.0,0.0,0.0,0.0,64.4,0.0,0.0,0.0,25.24,64.80304720000001
0.0,0.0,0.0,0.0,0.0,0.0,0.0,0.0,14.8,0.0,0.0,0.0,0.0,61.26,0.0,0.0,0.0,23.94,65.9846649
0.0,0.0,0.0,0.0,0.0,0.0,0.0,0.0,15.51,0.0,0.0,0.0,0.0,60.7,0.0,0.0,0.0,23.79,66.3239059
0.0,0.0,0.0,0.0,0.0,0.0,0.0,0.0,17.26,0.0,0.0,0.0,0.0,59.39,0.0,0.0,0.0,23.35,67.01164250000001
0.0,0.0,0.0,0.0,0.0,0.0,0.0,0.0,18.08,0.0,0.0,0.0,0.0,58.85,0.0,0.0,0.0,23.07,66.7525787
0.0,0.0,0.0,0.0,0.0,0.0,0.0,0.0,19.31,0.0,0.0,0.0,0.0,57.92,0.0,0.0,0.0,22.77,66.96891020000001
0.0,0.0,0.0,0.0,0.0,0.0,0.0,0.0,20.64,0.0,0.0,0.0,0.0,57.01,0.0,0.0,0.0,22.34,67.1875
0.0,0.0,0.0,0.0,0.0,0.0,0.0,0.0,22.18,0.0,0.0,0.0,0.0,55.91,0.0,0.0,0.0,21.91,67.0129929
0.0,0.0,0.0,0.0,0.0,0.0,0.0,0.0,23.81,0.0,0.0,0.0,0.0,54.71,0.0,0.0,0.0,21.48,66.8839645
0.0,0.0,0.0,0.0,0.0,0.0,0.0,0.0,25.75,0.0,0.0,0.0,0.0,53.34,0.0,0.0,0.0,20.91,66.796875
0.0,0.0,0.0,0.0,0.0,0.0,0.0,0.0,29.42,0.0,0.0,0.0,0.0,50.68,0.0,0.0,0.0,19.9,66.62286379999999
0.0,0.0,0.0,0.0,0.0,0.0,0.0,0.0,30.84,0.0,0.0,0.0,0.0,49.69,0.0,0.0,0.0,19.47,66.4031525
0.0,0.0,0.0,0.0,0.0,0.0,0.0,0.0,34.2,0.0,0.0,0.0,0.0,47.33,0.0,0.0,0.0,18.48,66.05020139999999
0.0,0.0,0.0,0.0,0.0,0.0,0.0,0.0,42.11,0.0,0.0,0.0,0.0,43.65,0.0,0.0,0.0,14.24,65.7220001
0.0,0.0,0.0,0.0,0.0,0.0,0.0,0.0,50.99,0.0,0.0,0.0,0.0,35.21,0.0,0.0,0.0,13.8,63.86333079999999
0.0,0.0,0.0,0.0,0.0,0.0,0.0,0.0,12.5,0.0,0.0,0.0,0.0,68.58,0.0,0.0,0.0,18.92,66.884819
0.0,0.0,0.0,0.0,0.0,0.0,0.0,0.0,13.76,0.0,0.0,0.0,0.0,67.61,0.0,0.0,0.0,18.62,67.1484985
0.0,0.0,0.0,0.0,0.0,0.0,0.0,0.0,13.86,0.0,0.0,0.0,0.0,67.39,0.0,0.0,0.0,18.75,67.1484985
0.0,0.0,0.0,0.0,0.0,0.0,0.0,0.0,20.23,0.0,0.0,0.0,0.0,52.39,0.0,0.0,0.0,27.38,65.8227844
0.0,0.0,0.0,0.0,0.0,0.0,0.0,0.0,24.52,0.0,0.0,0.0,0.0,42.32,0.0,0.0,0.0,33.17,64.3478241
0.0,0.0,0.0,0.0,0.0,0.0,0.0,0.0,28.54,0.0,0.0,0.0,0.0,32.84,0.0,0.0,0.0,38.62,63.0036659
0.0,0.0,0.0,0.0,0.0,0.0,0.0,0.0,9.77,0.0,0.0,0.0,0.0,50.58,0.0,0.0,0.0,39.65,62.1065407
0.0,0.0,0.0,0.0,0.0,0.0,0.0,0.0,15.65,0.0,0.0,0.0,0.0,47.28,0.0,0.0,0.0,37.06,62.9268341
0.0,0.0,0.0,0.0,0.0,0.0,0.0,0.0,19.58,0.0,0.0,0.0,0.0,45.04,0.0,0.0,0.0,35.37,63.1257553
0.0,0.0,0.0,0.0,0.0,0.0,0.0,0.0,21.26,0.0,0.0,0.0,0.0,44.14,0.0,0.0,0.0,34.6,64.1883545
0.0,0.0,0.0,0.0,0.0,0.0,0.0,0.0,26.98,0.0,0.0,0.0,0.0,40.9,0.0,0.0,0.0,32.12,65.44767
0.0,0.0,0.0,0.0,0.0,0.0,0.0,0.0,32.73,0.0,0.0,0.0,0.0,37.75,0.0,0.0,0.0,29.52,66.45243070000001
0.0,0.0,0.0,0.0,0.0,0.0,0.0,0.0,39.38,0.0,0.0,0.0,0.0,33.98,0.0,0.0,0.0,26.64,66.36363979999999
0.0,0.0,0.0,0.0,0.0,0.0,0.0,0.0,5.07,0.0,0.0,0.0,0.0,62.41,0.0,0.0,0.0,32.52,61.8872566
0.0,0.0,0.0,0.0,0.0,0.0,0.0,0.0,6.79,0.0,0.0,0.0,0.0,61.25,0.0,0.0,0.0,31.96,62.36161800000001
0.0,0.0,0.0,0.0,0.0,0.0,0.0,0.0,14.48,0.0,0.0,0.0,0.0,56.2,0.0,0.0,0.0,29.32,64.9874115
0.0,0.0,0.0,0.0,0.0,0.0,0.0,0.0,19.23,0.0,0.0,0.0,0.0,53.11,0.0,0.0,0.0,27.66,65.9898453
0.0,0.0,0.0,0.0,0.0,0.0,0.0,0.0,20.23,0.0,0.0,0.0,0.0,52.39,0.0,0.0,0.0,27.38,65.8227844
0.0,0.0,0.0,0.0,0.0,0.0,0.0,0.0,21.75,0.0,0.0,0.0,0.0,51.42,0.0,0.0,0.0,26.83,66.6666641
0.0,0.0,0.0,0.0,0.0,0.0,0.0,0.0,24.07,0.0,0.0,0.0,0.0,49.93,0.0,0.0,0.0,26.0,66.9677505
0.0,0.0,0.0,0.0,0.0,0.0,0.0,0.0,25.28,0.0,0.0,0.0,0.0,49.13,0.0,0.0,0.0,25.59,67.3151855
0.0,0.0,0.0,0.0,0.0,0.0,0.0,0.0,26.99,0.0,0.0,0.0,0.0,47.98,0.0,0.0,0.0,25.03,66.9250641
0.0,0.0,0.0,0.0,0.0,0.0,0.0,0.0,30.31,0.0,0.0,0.0,0.0,45.77,0.0,0.0,0.0,23.92,66.6235428
0.0,0.0,0.0,0.0,0.0,0.0,0.0,0.0,33.62,0.0,0.0,0.0,0.0,43.57,0.0,0.0,0.0,22.81,66.7103424
0.0,0.0,0.0,0.0,0.0,0.0,0.0,0.0,12.22,0.0,0.0,0.0,0.0,63.11,0.0,0.0,0.0,24.67,65.5172424
0.0,0.0,0.0,0.0,0.0,0.0,0.0,0.0,12.94,0.0,0.0,0.0,0.0,62.55,0.0,0.0,0.0,24.51,65.6449585
0.0,0.0,0.0,0.0,0.0,0.0,0.0,0.0,3.84,0.0,0.0,0.0,0.0,75.4,0.0,0.0,0.0,20.76,63.788662
0.0,0.0,0.0,0.0,0.0,0.0,0.0,0.0,7.44,0.0,0.0,0.0,0.0,72.57,0.0,0.0,0.0,19.99,65.23995210000001
0.0,0.0,0.0,0.0,0.0,0.0,0.0,0.0,9.66,0.0,0.0,0.0,0.0,70.81,0.0,0.0,0.0,19.53,66.0156174
0.0,0.0,0.0,0.0,0.0,0.0,0.0,0.0,10.61,0.0,0.0,0.0,0.0,70.15,0.0,0.0,0.0,19.24,66.3185425
0.0,0.0,0.0,0.0,0.0,0.0,0.0,0.0,11.77,0.0,0.0,0.0,0.0,69.16,0.0,0.0,0.0,19.07,66.5796356
0.0,0.0,0.0,0.0,0.0,0.0,0.0,0.0,15.86,0.0,0.0,0.0,0.0,65.97,0.0,0.0,0.0,18.17,67.8618851
0.0,0.0,0.0,0.0,0.0,0.0,0.0,0.0,16.69,0.0,0.0,0.0,0.0,65.29,0.0,0.0,0.0,18.01,67.8618851
0.0,0.0,0.0,0.0,0.0,0.0,0.0,0.0,18.68,0.0,0.0,0.0,0.0,63.76,0.0,0.0,0.0,17.56,67.41721340000001
0.0,0.0,0.0,0.0,0.0,0.0,0.0,0.0,21.08,0.0,0.0,0.0,0.0,61.95,0.0,0.0,0.0,16.97,67.01987460000001
0.0,0.0,0.0,0.0,0.0,0.0,0.0,0.0,22.74,0.0,0.0,0.0,0.0,60.6,0.0,0.0,0.0,16.66,67.0212708
0.0,0.0,0.0,0.0,0.0,0.0,0.0,0.0,24.71,0.0,0.0,0.0,0.0,59.07,0.0,0.0,0.0,16.22,66.9333267
0.0,0.0,0.0,0.0,0.0,0.0,0.0,0.0,26.26,0.0,0.0,0.0,0.0,57.83,0.0,0.0,0.0,15.92,66.3563766
0.0,0.0,0.0,0.0,0.0,0.0,0.0,0.0,28.84,0.0,0.0,0.0,0.0,55.84,0.0,0.0,0.0,15.32,66.5322571
0.0,0.0,0.0,0.0,0.0,0.0,0.0,0.0,31.41,0.0,0.0,0.0,0.0,53.86,0.0,0.0,0.0,14.73,66.30728149999999
0.0,0.0,0.0,0.0,0.0,0.0,0.0,0.0,34.77,0.0,0.0,0.0,0.0,51.1,0.0,0.0,0.0,14.13,66.2601547
0.0,0.0,0.0,0.0,0.0,0.0,0.0,0.0,16.95,0.0,0.0,0.0,0.0,78.02,5.03,0.0,0.0,0.0,66.7609634
0.0,0.0,0.0,0.0,0.0,0.0,0.0,0.0,22.43,0.0,0.0,0.0,0.0,72.58,4.99,0.0,0.0,0.0,65.7821198
0.0,0.0,0.0,0.0,0.0,0.0,0.0,0.0,23.62,0.0,0.0,0.0,0.0,71.4,4.98,0.0,0.0,0.0,65.45961
0.0,0.0,0.0,0.0,0.0,0.0,0.0,0.0,27.82,0.0,0.0,0.0,0.0,67.23,4.95,0.0,0.0,0.0,64.9584503
0.0,0.0,0.0,0.0,0.0,0.0,0.0,0.0,31.33,0.0,0.0,0.0,0.0,63.74,4.93,0.0,0.0,0.0,64.5116959
0.0,0.0,0.0,0.0,0.0,0.0,0.0,0.0,33.13,0.0,0.0,0.0,0.0,61.95,4.92,0.0,0.0,0.0,64.4718781
0.0,0.0,0.0,0.0,0.0,0.0,0.0,0.0,16.94,0.0,0.0,0.0,0.0,75.52,7.54,0.0,0.0,0.0,66.6208801
0.0,0.0,0.0,0.0,0.0,0.0,0.0,0.0,18.8,0.0,0.0,0.0,0.0,72.88,8.32,0.0,0.0,0.0,66.3487701
0.0,0.0,0.0,0.0,0.0,0.0,0.0,0.0,5.73,0.0,0.0,0.0,0.0,84.07,10.2,0.0,0.0,0.0,64.6746292
0.0,0.0,0.0,0.0,0.0,0.0,0.0,0.0,7.66,0.0,0.0,0.0,0.0,82.17,10.18,0.0,0.0,0.0,65.33863829999999
0.0,0.0,0.0,0.0,0.0,0.0,0.0,0.0,9.46,0.0,0.0,0.0,0.0,80.39,10.15,0.0,0.0,0.0,65.6953735
0.0,0.0,0.0,0.0,0.0,0.0,0.0,0.0,14.16,0.0,0.0,0.0,0.0,75.76,10.08,0.0,0.0,0.0,66.13545989999999
0.0,0.0,0.0,0.0,0.0,0.0,0.0,0.0,22.39,0.0,0.0,0.0,0.0,67.64,9.97,0.0,0.0,0.0,65.8666611
0.0,0.0,0.0,0.0,0.0,0.0,0.0,0.0,25.96,0.0,0.0,0.0,0.0,64.13,9.92,0.0,0.0,0.0,65.729599
0.0,0.0,0.0,0.0,0.0,0.0,0.0,0.0,30.44,0.0,0.0,0.0,0.0,59.71,9.85,0.0,0.0,0.0,65.5495911
0.0,0.0,0.0,0.0,0.0,0.0,0.0,0.0,33.08,0.0,0.0,0.0,0.0,57.1,9.82,0.0,0.0,0.0,65.3691254
0.0,0.0,0.0,0.0,0.0,0.0,0.0,0.0,9.12,0.0,0.0,0.0,0.0,78.7,12.18,0.0,0.0,0.0,65.1890488
0.0,0.0,0.0,0.0,0.0,0.0,0.0,0.0,16.91,0.0,0.0,0.0,0.0,71.04,12.05,0.0,0.0,0.0,66.18798829999999
0.0,0.0,0.0,0.0,0.0,0.0,0.0,0.0,27.76,0.0,0.0,0.0,0.0,59.89,12.36,0.0,0.0,0.0,65.8823471
0.0,0.0,0.0,0.0,0.0,0.0,0.0,0.0,7.99,0.0,0.0,0.0,0.0,77.79,14.22,0.0,0.0,0.0,63.9030647
0.0,0.0,0.0,0.0,0.0,0.0,0.0,0.0,23.45,0.0,0.0,0.0,0.0,62.64,13.92,0.0,0.0,0.0,65.6850204
0.0,0.0,0.0,0.0,0.0,0.0,0.0,0.0,0.0,0.0,0.0,0.0,0.0,84.6,15.4,0.0,0.0,0.0,61.3231544
0.0,0.0,0.0,0.0,0.0,0.0,0.0,0.0,5.72,0.0,0.0,0.0,0.0,79.0,15.28,0.0,0.0,0.0,63.07106020000001
0.0,0.0,0.0,0.0,0.0,0.0,0.0,0.0,8.55,0.0,0.0,0.0,0.0,76.23,15.22,0.0,0.0,0.0,63.7974625
0.0,0.0,0.0,0.0,0.0,0.0,0.0,0.0,11.35,0.0,0.0,0.0,0.0,73.49,15.16,0.0,0.0,0.0,64.3489227
0.0,0.0,0.0,0.0,0.0,0.0,0.0,0.0,14.14,0.0,0.0,0.0,0.0,70.76,15.1,0.0,0.0,0.0,64.9367065
0.0,0.0,0.0,0.0,0.0,0.0,0.0,0.0,20.51,0.0,0.0,0.0,0.0,64.52,14.97,0.0,0.0,0.0,65.6924973
0.0,0.0,0.0,0.0,0.0,0.0,0.0,0.0,20.95,0.0,0.0,0.0,0.0,64.09,14.96,0.0,0.0,0.0,65.6091309
0.0,0.0,0.0,0.0,0.0,0.0,0.0,0.0,22.36,0.0,0.0,0.0,0.0,62.71,14.93,0.0,0.0,0.0,65.3602982
0.0,0.0,0.0,0.0,0.0,0.0,0.0,0.0,30.39,0.0,0.0,0.0,0.0,54.85,14.76,0.0,0.0,0.0,65.3113174
0.0,0.0,0.0,0.0,0.0,0.0,0.0,0.0,33.03,0.0,0.0,0.0,0.0,52.26,14.7,0.0,0.0,0.0,65.3061142
0.0,0.0,0.0,0.0,0.0,0.0,0.0,0.0,9.44,0.0,0.0,0.0,0.0,73.64,16.91,0.0,0.0,0.0,62.7935715
0.0,0.0,0.0,0.0,0.0,0.0,0.0,0.0,36.47,0.0,0.0,0.0,0.0,47.25,16.28,0.0,0.0,0.0,65.0693588
0.0,0.0,0.0,0.0,0.0,0.0,0.0,0.0,13.57,0.0,0.0,0.0,0.0,68.31,18.12,0.0,0.0,0.0,63.54680250000001
0.0,0.0,0.0,0.0,0.0,0.0,0.0,0.0,22.34,0.0,0.0,0.0,0.0,59.76,17.9,0.0,0.0,0.0,64.7277222
0.0,0.0,0.0,0.0,0.0,0.0,0.0,0.0,26.42,0.0,0.0,0.0,0.0,54.8,18.78,0.0,0.0,0.0,65.0557632
0.0,0.0,0.0,0.0,0.0,0.0,0.0,0.0,0.0,0.0,0.0,0.0,0.0,79.5,20.5,0.0,0.0,0.0,59.39394
0.0,0.0,0.0,0.0,0.0,0.0,0.0,0.0,5.71,0.0,0.0,0.0,0.0,73.95,20.34,0.0,0.0,0.0,61.1380157
0.0,0.0,0.0,0.0,0.0,0.0,0.0,0.0,11.34,0.0,0.0,0.0,0.0,68.48,20.18,0.0,0.0,0.0,62.1980629
0.0,0.0,0.0,0.0,0.0,0.0,0.0,0.0,15.0,0.0,0.0,0.0,0.0,64.92,20.08,0.0,0.0,0.0,62.9854431
0.0,0.0,0.0,0.0,0.0,0.0,0.0,0.0,16.87,0.0,0.0,0.0,0.0,63.1,20.03,0.0,0.0,0.0,63.5365906
0.0,0.0,0.0,0.0,0.0,0.0,0.0,0.0,18.74,0.0,0.0,0.0,0.0,61.29,19.98,0.0,0.0,0.0,63.6253052
0.0,0.0,0.0,0.0,0.0,0.0,0.0,0.0,19.94,0.0,0.0,0.0,0.0,60.12,19.94,0.0,0.0,0.0,63.7804871
0.0,0.0,0.0,0.0,0.0,0.0,0.0,0.0,27.69,0.0,0.0,0.0,0.0,52.58,19.72,0.0,0.0,0.0,64.7783279
0.0,0.0,0.0,0.0,0.0,0.0,0.0,0.0,32.98,0.0,0.0,0.0,0.0,47.44,19.58,0.0,0.0,0.0,64.89492800000001
0.0,0.0,0.0,0.0,0.0,0.0,0.0,0.0,43.32,0.0,0.0,0.0,0.0,37.39,19.28,0.0,0.0,0.0,64.6402054
0.0,0.0,0.0,0.0,0.0,0.0,0.0,0.0,24.47,0.0,0.0,0.0,0.0,53.75,21.78,0.0,0.0,0.0,63.7575798
0.0,0.0,0.0,0.0,0.0,0.0,0.0,0.0,11.33,0.0,0.0,0.0,0.0,65.98,22.69,0.0,0.0,0.0,61.1374435
0.0,0.0,0.0,0.0,0.0,0.0,0.0,0.0,16.86,0.0,0.0,0.0,0.0,60.63,22.51,0.0,0.0,0.0,62.4401855
0.0,0.0,0.0,0.0,0.0,0.0,0.0,0.0,22.31,0.0,0.0,0.0,0.0,55.35,22.34,0.0,0.0,0.0,63.373497
0.0,0.0,0.0,0.0,0.0,0.0,0.0,0.0,27.67,0.0,0.0,0.0,0.0,50.15,22.17,0.0,0.0,0.0,64.0
0.0,0.0,0.0,0.0,0.0,0.0,0.0,0.0,0.0,0.0,0.0,0.0,0.0,74.41,25.59,0.0,0.0,0.0,57.9069786
0.0,0.0,0.0,0.0,0.0,0.0,0.0,0.0,5.7,0.0,0.0,0.0,0.0,68.91,25.39,0.0,0.0,0.0,59.25494000000001
0.0,0.0,0.0,0.0,0.0,0.0,0.0,0.0,9.42,0.0,0.0,0.0,0.0,65.32,25.26,0.0,0.0,0.0,60.2339172
0.0,0.0,0.0,0.0,0.0,0.0,0.0,0.0,11.32,0.0,0.0,0.0,0.0,63.49,25.19,0.0,0.0,0.0,60.60960770000001
0.0,0.0,0.0,0.0,0.0,0.0,0.0,0.0,14.09,0.0,0.0,0.0,0.0,60.81,25.09,0.0,0.0,0.0,61.1764679
0.0,0.0,0.0,0.0,0.0,0.0,0.0,0.0,16.85,0.0,0.0,0.0,0.0,58.16,25.0,0.0,0.0,0.0,61.4117584
0.0,0.0,0.0,0.0,0.0,0.0,0.0,0.0,18.71,0.0,0.0,0.0,0.0,56.36,24.93,0.0,0.0,0.0,62.20378879999999
0.0,0.0,0.0,0.0,0.0,0.0,0.0,0.0,22.29,0.0,0.0,0.0,0.0,52.9,24.81,0.0,0.0,0.0,62.470314
0.0,0.0,0.0,0.0,0.0,0.0,0.0,0.0,23.15,0.0,0.0,0.0,0.0,52.07,24.78,0.0,0.0,0.0,62.5445938
0.0,0.0,0.0,0.0,0.0,0.0,0.0,0.0,30.3,0.0,0.0,0.0,0.0,45.17,24.52,0.0,0.0,0.0,63.4615402
0.0,0.0,0.0,0.0,0.0,0.0,0.0,0.0,32.93,0.0,0.0,0.0,0.0,42.63,24.43,0.0,0.0,0.0,63.8118248
0.0,0.0,0.0,0.0,0.0,0.0,0.0,0.0,36.38,0.0,0.0,0.0,0.0,39.31,24.31,0.0,0.0,0.0,63.7349434
0.0,0.0,0.0,0.0,0.0,0.0,0.0,0.0,40.71,0.0,0.0,0.0,0.0,35.13,24.16,0.0,0.0,0.0,64.0
0.0,0.0,0.0,0.0,0.0,0.0,0.0,0.0,27.63,0.0,0.0,0.0,0.0,45.31,27.06,0.0,0.0,0.0,61.9999924
0.0,0.0,0.0,0.0,0.0,0.0,0.0,0.0,32.91,0.0,0.0,0.0,0.0,40.24,26.86,0.0,0.0,0.0,62.752079
0.0,0.0,0.0,0.0,0.0,0.0,0.0,0.0,17.93,0.0,0.0,0.0,0.0,54.15,27.93,0.0,0.0,0.0,60.3926125
0.0,0.0,0.0,0.0,0.0,0.0,0.0,0.0,0.0,0.0,0.0,0.0,0.0,69.34,30.66,0.0,0.0,0.0,55.8139458
0.0,0.0,0.0,0.0,0.0,0.0,0.0,0.0,11.3,0.0,0.0,0.0,0.0,58.52,30.18,0.0,0.0,0.0,58.74999620000001
0.0,0.0,0.0,0.0,0.0,0.0,0.0,0.0,16.82,0.0,0.0,0.0,0.0,53.23,29.95,0.0,0.0,0.0,59.65713879999999
0.0,0.0,0.0,0.0,0.0,0.0,0.0,0.0,17.37,0.0,0.0,0.0,0.0,52.7,29.93,0.0,0.0,0.0,59.862381000000006
0.0,0.0,0.0,0.0,0.0,0.0,0.0,0.0,22.26,0.0,0.0,0.0,0.0,48.02,29.72,0.0,0.0,0.0,60.7638855
0.0,0.0,0.0,0.0,0.0,0.0,0.0,0.0,27.61,0.0,0.0,0.0,0.0,42.89,29.5,0.0,0.0,0.0,61.63742070000001
0.0,0.0,0.0,0.0,0.0,0.0,0.0,0.0,30.26,0.0,0.0,0.0,0.0,40.36,29.39,0.0,0.0,0.0,61.350399
0.0,0.0,0.0,0.0,0.0,0.0,0.0,0.0,36.32,0.0,0.0,0.0,0.0,34.55,29.13,0.0,0.0,0.0,61.89917760000001
0.0,0.0,0.0,0.0,0.0,0.0,0.0,0.0,40.65,0.0,0.0,0.0,0.0,30.4,28.95,0.0,0.0,0.0,62.63344960000001
0.0,0.0,0.0,0.0,0.0,0.0,0.0,0.0,0.0,0.0,0.0,0.0,0.0,66.01,33.99,0.0,0.0,0.0,55.5433655
0.0,0.0,0.0,0.0,0.0,0.0,0.0,0.0,32.83,0.0,0.0,0.0,0.0,32.11,35.07,0.0,0.0,0.0,59.09604640000001
0.0,0.0,0.0,0.0,0.0,0.0,0.0,0.0,27.55,0.0,0.0,0.0,0.0,35.66,36.79,0.0,0.0,0.0,57.76053620000001
0.0,0.0,0.0,0.0,0.0,0.0,0.0,0.0,14.91,0.0,0.0,0.0,0.0,45.18,39.92,0.0,0.0,0.0,54.6610184
0.0,0.0,0.0,0.0,0.0,0.0,0.0,0.0,22.19,0.0,0.0,0.0,0.0,38.3,39.51,0.0,0.0,0.0,55.8918877
12.56,0.0,0.0,7.25,0.0,0.0,0.0,11.14,23.41,0.0,0.0,0.0,0.0,40.41,5.21,0.0,0.0,0.0,58.18744279999999
2.27,0.0,0.0,6.55,0.0,0.0,0.0,10.06,21.13,0.0,0.0,0.0,0.0,36.48,23.52,0.0,0.0,0.0,57.1878204
0.0,2.56,0.0,0.0,0.0,0.0,0.0,2.26,16.48,0.0,0.0,0.0,0.0,67.51,0.0,0.0,0.0,10.94,65.1100006
16.94,0.0,0.0,0.0,0.0,0.0,0.0,0.0,26.31,0.0,0.0,0.0,0.0,56.76,0.0,0.0,0.0,0.0,63.7614708
16.29,0.0,0.0,0.0,0.0,0.0,0.0,9.27,25.31,0.0,0.0,0.0,0.0,49.14,0.0,0.0,0.0,0.0,62.870163
15.99,0.0,0.0,0.0,0.0,0.0,0.0,13.64,24.83,0.0,0.0,0.0,0.0,45.54,0.0,0.0,0.0,0.0,61.8406296
15.69,0.0,0.0,0.0,0.0,0.0,0.0,17.85,24.38,0.0,0.0,0.0,0.0,42.08,0.0,0.0,0.0,0.0,62.0767441
15.14,0.0,0.0,0.0,0.0,0.0,0.0,25.83,23.52,0.0,0.0,0.0,0.0,35.52,0.0,0.0,0.0,0.0,60.8888855
0.0,0.0,0.0,0.0,0.0,0.0,0.0,0.0,22.26,0.0,0.0,0.0,0.0,48.02,29.72,0.0,0.0,0.0,59.839817
0.0,0.0,0.0,0.0,0.0,0.0,0.0,7.89,21.54,0.0,0.0,0.0,0.0,41.82,28.76,0.0,0.0,0.0,59.29304499999999
0.0,0.0,0.0,0.0,0.0,0.0,0.0,11.64,21.19,0.0,0.0,0.0,0.0,38.87,28.3,0.0,0.0,0.0,58.44594960000001
0.0,0.0,0.0,0.0,0.0,0.0,0.0,15.28,20.86,0.0,0.0,0.0,0.0,36.01,27.86,0.0,0.0,0.0,58.8168335
0.0,0.0,0.0,0.0,0.0,0.0,0.0,22.22,20.23,0.0,0.0,0.0,0.0,30.55,27.01,0.0,0.0,0.0,58.0608788
16.55,0.0,0.0,0.0,0.0,0.0,0.0,14.12,0.0,0.0,0.0,0.0,0.0,69.33,0.0,0.0,0.0,0.0,59.91091160000001
16.41,0.0,0.0,0.0,0.0,0.0,0.0,14.0,6.37,0.0,0.0,0.0,0.0,63.23,0.0,0.0,0.0,0.0,61.3303337
16.26,0.0,0.0,0.0,0.0,0.0,0.0,13.87,12.63,0.0,0.0,0.0,0.0,57.23,0.0,0.0,0.0,0.0,60.9566154
16.12,0.0,0.0,0.0,0.0,0.0,0.0,13.76,18.78,0.0,0.0,0.0,0.0,51.34,0.0,0.0,0.0,0.0,61.5470886
15.99,0.0,0.0,0.0,0.0,0.0,0.0,13.64,24.83,0.0,0.0,0.0,0.0,45.54,0.0,0.0,0.0,0.0,61.8406296
15.85,0.0,0.0,0.0,0.0,0.0,0.0,13.52,30.78,0.0,0.0,0.0,0.0,39.84,0.0,0.0,0.0,0.0,62.4716568
0.0,0.0,0.0,0.0,0.0,0.0,0.0,11.99,0.0,0.0,0.0,0.0,0.0,58.87,29.15,0.0,0.0,0.0,56.1461754
0.0,0.0,0.0,0.0,0.0,0.0,0.0,11.9,5.42,0.0,0.0,0.0,0.0,53.75,28.93,0.0,0.0,0.0,57.01558299999999
0.0,0.0,0.0,0.0,0.0,0.0,0.0,11.81,10.75,0.0,0.0,0.0,0.0,48.72,28.72,0.0,0.0,0.0,58.0608788
0.0,0.0,0.0,0.0,0.0,0.0,0.0,11.72,16.01,0.0,0.0,0.0,0.0,43.76,28.51,0.0,0.0,0.0,58.1552238
0.0,0.0,0.0,0.0,0.0,0.0,0.0,11.64,21.19,0.0,0.0,0.0,0.0,38.87,28.3,0.0,0.0,0.0,58.7769012
0.0,0.0,0.0,0.0,0.0,0.0,0.0,11.56,26.3,0.0,0.0,0.0,0.0,34.05,28.1,0.0,0.0,0.0,59.3142929
15.99,0.0,0.0,0.0,0.0,0.0,0.0,13.64,24.83,0.0,0.0,0.0,0.0,45.54,0.0,0.0,0.0,0.0,61.8406296
12.95,0.0,0.0,0.0,0.0,0.0,0.0,13.26,24.14,0.0,0.0,0.0,0.0,44.27,5.37,0.0,0.0,0.0,61.8181839
10.08,0.0,0.0,0.0,0.0,0.0,0.0,12.9,23.49,0.0,0.0,0.0,0.0,43.08,10.46,0.0,0.0,0.0,61.714283
7.36,0.0,0.0,0.0,0.0,0.0,0.0,12.56,22.87,0.0,0.0,0.0,0.0,41.94,15.27,0.0,0.0,0.0,61.1683884
4.78,0.0,0.0,0.0,0.0,0.0,0.0,12.24,22.28,0.0,0.0,0.0,0.0,40.86,19.84,0.0,0.0,0.0,61.0150032
2.33,0.0,0.0,0.0,0.0,0.0,0.0,11.93,21.72,0.0,0.0,0.0,0.0,39.84,24.17,0.0,0.0,0.0,60.4142647
0.0,0.0,0.0,0.0,0.0,0.0,0.0,11.64,21.19,0.0,0.0,0.0,0.0,38.87,28.3,0.0,0.0,0.0,58.7769012
0.0,0.0,0.0,0.0,0.0,0.0,0.0,0.0,80.0,0.0,0.0,0.0,0.0,10.0,10.0,0.0,0.0,0.0,61.13000110000001
0.0,0.0,0.0,0.0,0.0,0.0,0.0,0.0,0.0,0.0,0.0,0.0,0.0,44.1,1.2,44.7,0.0,9.8,37.5
0.0,0.0,0.0,0.0,3.2,0.0,0.0,0.0,0.0,0.0,0.0,0.0,0.0,44.4,1.2,44.9,0.0,6.1,37.2000008
0.0,0.0,0.0,0.0,3.24,0.0,0.0,0.0,2.02,0.0,0.0,0.0,0.0,41.92,1.21,45.43,0.0,6.18,37.2999992
0.0,0.0,0.0,0.0,3.0,0.0,0.0,0.0,0.0,0.0,0.0,0.0,0.0,44.36,3.5,43.96,0.0,5.0,37.2000008
0.0,0.0,0.0,0.0,3.0,0.0,0.0,0.0,0.0,0.0,0.0,0.0,0.0,44.36,3.5,43.96,0.0,5.0,37.2999992
0.0,0.0,0.0,0.0,3.0,0.0,0.0,0.0,0.0,0.0,0.0,0.0,0.0,44.36,3.5,43.96,0.0,5.0,37.5
0.0,0.0,0.0,0.0,3.0,0.0,0.0,0.0,0.0,0.0,0.0,0.0,0.0,44.36,3.5,43.96,0.0,5.0,37.5999985
0.0,0.0,0.0,0.0,3.0,0.0,0.0,0.0,0.0,0.0,0.0,0.0,0.0,44.36,3.5,43.96,0.0,5.0,36.9000015
0.0,0.0,0.0,0.0,3.0,0.0,0.0,0.0,0.0,0.0,0.0,0.0,0.0,44.36,3.5,43.96,0.0,5.0,36.7999992
0.0,0.0,0.0,0.0,3.0,0.0,0.0,0.0,0.0,0.0,0.0,0.0,0.0,44.36,3.5,43.96,0.0,5.0,36.7999992
0.0,0.0,0.0,0.0,3.0,0.0,0.0,0.0,0.0,0.0,0.0,0.0,0.0,44.36,3.5,43.96,0.0,5.0,37.4000015
0.0,0.0,0.0,0.0,3.0,0.0,0.0,0.0,0.0,0.0,0.0,0.0,0.0,44.36,3.5,43.96,0.0,5.0,37.2000008
0.0,0.0,0.0,0.0,3.0,0.0,0.0,0.0,0.0,0.0,0.0,0.0,0.0,44.36,3.5,43.96,0.0,5.0,37.0
0.0,0.0,0.0,0.0,2.99,0.0,0.0,0.0,0.0,0.0,0.0,0.0,0.0,44.41,3.49,41.92,0.0,6.99,38.9000015
0.0,0.0,0.0,0.0,2.99,0.0,0.0,0.0,0.0,0.0,0.0,0.0,0.0,44.41,3.49,41.92,0.0,6.99,38.4000015
0.0,0.0,0.0,0.0,2.99,0.0,0.0,0.0,0.0,0.0,0.0,0.0,0.0,46.41,3.49,41.92,0.0,4.99,38.0
0.0,0.0,0.0,0.0,2.94,0.0,0.0,0.0,0.0,0.0,0.0,0.0,0.0,45.47,3.42,43.08,0.0,4.89,36.7999992
0.0,0.0,0.0,0.0,2.94,0.0,0.0,0.0,0.0,0.0,0.0,0.0,0.0,45.47,3.42,43.08,0.0,4.89,37.2000008
0.0,0.0,0.0,0.0,2.94,0.0,0.0,0.0,0.0,0.0,0.0,0.0,0.0,45.47,3.42,43.88,0.0,4.09,37.0
0.0,0.0,0.0,0.0,2.94,0.0,0.0,0.0,0.0,0.0,0.0,0.0,0.0,45.47,3.42,43.88,0.0,4.09,36.9000015
0.0,0.0,0.0,0.0,2.94,0.0,0.0,0.0,0.0,0.0,0.0,0.0,0.0,45.47,3.42,43.88,0.0,4.09,37.2999992
0.0,0.0,0.0,0.0,2.94,0.0,0.0,0.0,0.0,0.0,0.0,0.0,0.0,45.47,3.42,43.88,0.0,4.09,37.0999985
0.0,0.0,0.0,0.0,2.94,0.0,0.0,0.0,0.0,0.0,0.0,0.0,0.0,45.47,3.42,43.88,0.0,4.09,37.0999985
0.0,0.0,0.0,0.0,2.94,0.0,0.0,0.0,0.0,0.0,0.0,0.0,0.0,45.47,3.42,43.88,0.0,4.09,37.0999985
0.0,0.0,0.0,0.0,2.94,0.0,0.0,0.0,0.0,0.0,0.0,0.0,0.0,45.47,3.42,43.88,0.0,4.09,36.7999992
0.0,0.0,0.0,0.0,2.94,0.0,0.0,0.0,0.0,0.0,0.0,0.0,0.0,45.47,3.42,43.88,0.0,4.09,36.2999992
0.0,0.0,0.0,0.0,2.94,0.0,0.0,0.0,0.0,0.0,0.0,0.0,0.0,45.47,3.42,43.88,0.0,4.09,36.5
0.0,0.0,0.0,0.0,2.94,0.0,0.0,0.0,0.0,0.0,0.0,0.0,0.0,45.47,3.42,43.88,0.0,4.09,37.0999985
0.0,0.0,0.0,0.0,2.94,0.0,0.0,0.0,0.0,0.0,0.0,0.0,0.0,45.47,3.42,43.88,0.0,4.09,37.4000015
0.0,0.0,0.0,0.0,0.0,0.0,0.0,0.0,0.52,0.0,0.0,0.0,0.0,44.12,0.0,47.46,0.0,7.69,36.4000015
0.0,0.0,0.0,0.0,0.0,0.0,0.0,0.0,0.52,0.0,0.0,0.0,0.0,44.12,2.0,47.46,0.0,5.7,36.2999992
0.0,0.0,0.0,0.0,0.0,0.0,0.0,0.0,0.52,0.0,0.0,0.0,0.0,44.12,2.0,47.46,0.0,5.7,36.4000015
0.0,0.0,0.0,0.0,1.79,0.0,0.0,0.0,0.52,0.0,0.0,0.0,0.0,46.27,3.47,43.69,0.0,4.07,37.9000015
0.0,0.0,0.0,0.0,1.79,0.0,0.0,0.0,0.52,0.0,0.0,0.0,0.0,46.27,3.47,43.69,0.0,4.07,37.5
0.0,0.0,0.0,0.0,1.79,0.0,0.0,0.0,0.52,0.0,0.0,0.0,0.0,46.27,3.47,43.69,0.0,4.07,37.7999992
0.0,0.0,0.0,0.0,1.79,0.0,0.0,0.0,0.0,0.0,0.0,0.0,0.0,45.42,3.49,44.82,0.0,4.08,37.2000008
0.0,0.0,0.0,0.0,1.79,0.0,0.0,0.0,0.0,0.0,0.0,0.0,0.0,45.42,3.49,44.82,0.0,4.08,37.0
0.0,0.0,0.0,0.0,1.99,0.0,0.0,0.0,0.0,0.0,0.0,0.0,0.0,44.22,3.49,45.82,0.0,4.08,36.7999992
0.0,0.0,0.0,0.0,1.99,0.0,0.0,0.0,0.0,0.0,0.0,0.0,0.0,44.22,3.49,45.82,0.0,4.08,36.4000015
0.0,0.0,0.0,0.0,1.99,0.0,0.0,0.0,0.0,0.0,0.0,0.0,0.0,44.22,3.49,45.82,0.0,4.08,36.2000008
0.0,0.0,0.0,0.0,1.99,0.0,0.0,0.0,0.0,0.0,0.0,0.0,0.0,44.22,3.49,45.82,0.0,4.08,36.2000008
0.0,0.0,0.0,0.0,1.99,0.0,0.0,0.0,0.0,0.0,0.0,0.0,0.0,44.22,3.49,45.82,0.0,4.08,36.5
0.0,0.0,0.0,0.0,1.99,0.0,0.0,0.0,0.0,0.0,0.0,0.0,0.0,44.22,3.49,45.82,0.0,4.08,37.7000008
0.0,0.0,0.0,0.0,1.99,0.0,0.0,0.0,0.0,0.0,0.0,0.0,0.0,44.22,3.49,45.82,0.0,4.08,37.2999992
0.0,0.0,0.0,0.0,1.99,0.0,0.0,0.0,0.0,0.0,0.0,0.0,0.0,44.22,3.49,45.82,0.0,4.08,35.7999992
0.0,0.0,0.0,0.0,1.99,0.0,0.0,0.0,0.0,0.0,0.0,0.0,0.0,44.22,3.49,45.82,0.0,4.08,36.7000008
0.0,0.0,0.0,0.0,1.99,0.0,0.0,0.0,0.0,0.0,0.0,0.0,0.0,44.22,3.49,45.82,0.0,4.08,36.7000008
0.0,0.0,0.0,0.0,1.99,0.0,0.0,0.0,0.0,0.0,0.0,0.0,0.0,44.22,3.49,45.82,0.0,4.08,36.7000008
0.0,0.0,0.0,0.0,1.99,0.0,0.0,0.0,0.0,0.0,0.0,0.0,0.0,44.22,3.49,45.82,0.0,4.08,36.7999992
0.0,0.0,0.0,0.0,1.99,0.0,0.0,0.0,0.0,0.0,0.0,0.0,0.0,44.22,3.49,45.82,0.0,4.08,36.5
0.0,0.0,0.0,0.0,1.99,0.0,0.0,0.0,0.0,0.0,0.0,0.0,0.0,44.22,3.49,45.82,0.0,4.08,36.5999985
0.0,0.0,0.0,0.0,1.99,0.0,0.0,0.0,0.0,0.0,0.0,0.0,0.0,44.22,3.49,45.82,0.0,4.08,37.2000008
0.0,0.0,0.0,0.0,1.99,0.0,0.0,0.0,0.0,0.0,0.0,0.0,0.0,44.22,3.49,45.82,0.0,4.08,37.4000015
0.0,0.0,0.0,0.0,1.99,0.0,0.0,0.0,0.0,0.0,0.0,0.0,0.0,44.22,3.49,45.82,0.0,4.08,36.5999985
0.0,0.0,0.0,0.0,1.99,0.0,0.0,0.0,0.0,0.0,0.0,0.0,0.0,44.22,3.49,45.82,0.0,4.08,36.7000008
0.0,0.0,0.0,0.0,1.99,0.0,0.0,0.0,0.0,0.0,0.0,0.0,0.0,44.22,3.49,45.82,0.0,4.08,36.9000015
0.0,0.0,0.0,0.0,1.99,0.0,0.0,0.0,0.0,0.0,0.0,0.0,0.0,44.22,3.49,45.82,0.0,4.08,36.5999985
0.0,0.0,0.0,0.0,1.99,0.0,0.0,0.0,0.0,0.0,0.0,0.0,0.0,44.22,3.49,45.82,0.0,4.08,36.7999992
0.0,0.0,0.0,0.0,1.99,0.0,0.0,0.0,0.0,0.0,0.0,0.0,0.0,44.22,3.49,45.82,0.0,4.08,36.2999992
0.0,0.0,0.0,0.0,1.99,0.0,0.0,0.0,0.0,0.0,0.0,0.0,0.0,44.22,3.49,45.82,0.0,4.08,37.0
0.0,0.0,0.0,0.0,1.99,0.0,0.0,0.0,0.0,0.0,0.0,0.0,0.0,44.72,3.49,45.32,0.0,4.08,36.7000008
0.0,0.0,0.0,0.0,1.99,0.0,0.0,0.0,0.0,0.0,0.0,0.0,0.0,45.22,3.49,44.82,0.0,4.08,37.2000008
0.0,0.0,0.0,0.0,1.99,0.0,0.0,0.0,0.0,0.0,0.0,0.0,0.0,45.22,3.49,44.82,0.0,4.08,37.0999985
0.0,0.0,0.0,0.0,1.97,0.0,0.0,0.0,0.0,0.0,0.99,0.0,0.0,45.76,3.45,43.39,0.0,4.04,37.0
0.0,0.0,0.0,0.0,1.97,0.0,0.0,0.0,0.0,0.0,0.99,0.0,0.0,45.76,3.45,43.39,0.0,4.04,37.2999992
0.0,0.0,0.0,0.0,1.97,0.0,0.0,0.0,0.0,0.0,0.99,0.0,0.0,45.76,3.45,43.39,0.0,4.04,37.2000008
0.0,0.0,0.0,0.0,1.96,0.0,0.0,0.0,0.0,0.0,0.0,0.0,0.0,53.98,1.0,36.75,0.0,6.01,41.5999985
0.0,0.0,0.0,0.0,1.96,0.0,0.0,0.0,0.0,0.0,0.0,0.0,0.0,53.98,1.0,36.75,0.0,6.01,40.5
0.0,0.0,0.0,0.0,1.96,0.0,0.0,0.0,0.0,0.0,0.0,0.0,0.0,53.92,1.0,36.71,0.0,6.0,41.2999992
0.0,0.0,0.0,0.0,1.96,0.0,0.0,0.0,0.0,0.0,0.0,0.0,0.0,53.98,1.0,36.75,0.0,6.01,41.0
0.0,0.0,0.0,0.0,1.96,0.0,0.0,0.0,0.0,0.0,0.0,0.0,0.0,53.9,1.0,35.2,0.0,7.64,41.9000015
0.0,0.0,0.0,0.0,4.78,0.0,0.0,0.0,0.0,0.0,0.0,0.0,0.0,39.7,0.0,48.56,0.0,6.77,35.0
0.0,0.0,0.0,0.0,3.99,0.0,0.0,0.0,0.0,1.0,0.0,0.0,0.0,38.92,2.99,48.9,0.0,3.99,34.4000015
0.0,2.53,0.0,0.0,0.0,0.0,0.0,0.0,2.68,0.0,14.29,0.0,0.0,53.75,1.69,16.73,0.0,8.32,48.5999985
0.0,2.52,0.0,0.0,0.0,0.0,0.0,0.0,1.68,0.0,14.23,0.0,0.0,58.53,1.69,12.67,0.0,8.29,51.0
0.0,2.52,0.0,0.0,0.0,0.0,0.0,0.0,1.67,0.0,14.2,0.0,0.0,58.41,1.68,12.65,0.0,8.27,51.9000015
0.0,2.52,0.0,0.0,0.0,0.0,0.0,0.0,1.67,0.0,14.22,0.0,0.0,58.47,1.68,12.66,0.0,8.28,51.0
0.0,2.52,0.0,0.0,0.0,0.0,0.0,0.0,1.67,0.0,14.2,0.0,0.0,58.41,1.68,12.65,0.0,8.27,51.2000008
0.0,2.52,0.0,0.0,0.0,0.0,0.0,0.0,1.68,0.0,14.23,0.0,0.0,58.53,1.69,12.67,0.0,8.29,52.5999985
0.0,2.53,0.0,0.0,0.0,0.0,0.0,0.0,1.68,0.0,14.24,0.0,0.0,58.58,1.69,12.69,0.0,8.3,56.29999920000001
0.0,2.53,0.0,0.0,0.0,0.0,0.0,0.0,1.68,0.0,14.24,0.0,0.0,58.58,1.69,12.69,0.0,8.3,53.29999920000001
0.0,2.52,0.0,0.0,0.0,0.0,0.0,0.0,1.68,0.0,14.23,0.0,0.0,58.53,1.69,12.67,0.0,8.29,52.5
0.0,2.52,0.0,0.0,0.0,0.0,0.0,0.0,1.68,0.0,14.23,0.0,0.0,58.53,1.69,12.67,0.0,8.29,53.0
0.0,2.52,0.0,0.0,0.0,0.0,0.0,0.0,1.68,0.0,14.23,0.0,0.0,58.53,1.69,12.67,0.0,8.29,52.2999992
0.0,2.49,0.0,0.0,0.99,0.0,0.0,0.0,1.66,0.0,14.06,0.0,0.0,57.94,1.67,12.52,0.0,8.19,52.70000079999999
0.0,2.54,0.0,0.0,1.01,0.0,0.0,0.0,1.69,0.0,12.33,0.0,0.0,59.11,1.7,12.77,0.0,8.35,52.5999985
0.0,2.53,0.0,0.0,1.0,0.0,0.0,0.0,1.68,0.0,12.27,0.0,0.0,58.8,1.7,13.71,0.0,8.31,52.0999985
0.0,2.53,0.0,0.0,1.0,0.0,0.0,0.0,1.68,0.0,12.27,0.0,0.0,58.8,1.7,13.71,0.0,8.31,52.0999985
0.0,2.52,0.0,0.0,1.0,0.0,0.0,0.0,1.67,0.0,12.22,0.0,0.0,58.57,1.69,13.66,0.0,8.28,52.2999992
0.0,2.52,0.0,0.0,1.0,0.0,0.0,0.0,1.67,0.0,12.22,0.0,0.0,58.57,1.69,13.66,0.0,8.28,52.2000008
0.0,2.53,0.0,0.0,1.0,0.0,0.0,0.0,1.68,0.0,12.27,0.0,0.0,58.81,1.69,13.71,0.0,8.31,52.5999985
0.0,2.53,0.0,0.0,1.0,0.0,0.0,0.0,1.68,0.0,12.27,0.0,0.0,58.81,1.69,13.71,0.0,8.31,51.7000008
0.0,1.0,0.0,0.0,0.0,0.0,0.0,0.0,3.5,0.0,9.71,0.0,0.0,68.57,12.01,0.0,0.0,5.01,60.9000015
0.0,1.0,0.0,0.0,0.0,0.0,0.0,0.0,3.49,0.0,9.68,0.0,0.0,68.36,11.98,0.0,0.0,4.99,60.0
0.0,1.0,0.0,0.0,0.0,0.0,0.0,0.0,3.49,0.0,9.68,0.0,0.0,68.36,11.98,0.0,0.0,4.99,60.5
0.0,1.0,0.0,0.0,0.0,0.0,0.0,0.0,3.49,0.0,9.68,0.0,0.0,68.36,11.98,0.0,0.0,4.99,61.29999920000001
0.0,1.0,0.0,0.0,0.0,0.0,0.0,0.0,3.49,0.0,9.68,0.0,0.0,68.36,11.98,0.0,0.0,4.99,62.5
0.0,1.0,0.0,0.0,0.0,0.0,0.0,0.0,3.49,0.0,9.68,0.0,0.0,68.36,11.98,0.0,0.0,4.99,60.29999920000001
0.0,1.0,0.0,0.0,0.0,0.0,0.0,0.0,3.5,0.0,9.71,0.0,0.0,68.57,12.01,0.0,0.0,5.01,60.0
0.0,1.0,0.0,0.0,0.0,0.0,0.0,0.0,3.5,0.0,9.71,0.0,0.0,68.57,12.01,0.0,0.0,5.01,60.0
0.0,1.0,0.0,0.0,0.0,0.0,0.0,0.0,3.5,0.0,9.69,0.0,0.0,68.43,11.99,0.0,0.0,5.0,60.4000015
0.0,1.5,0.0,0.0,0.0,0.0,0.0,0.0,3.0,0.0,10.6,0.0,0.0,68.5,11.0,0.0,0.0,5.0,59.9000015
0.0,1.5,0.0,0.0,0.0,0.0,0.0,0.0,3.0,0.0,10.6,0.0,0.0,68.5,11.0,0.0,0.0,5.0,59.79999920000001
0.0,1.5,0.0,0.0,0.0,0.0,0.0,0.0,3.0,0.0,10.6,0.0,0.0,68.5,11.0,0.0,0.0,5.0,60.0
0.0,1.5,0.0,0.0,0.0,0.0,0.0,0.0,3.0,0.0,10.6,0.0,0.0,68.5,11.0,0.0,0.0,5.0,60.20000079999999
0.0,1.5,0.0,0.0,0.0,0.0,0.0,0.0,3.5,0.0,10.6,0.0,0.0,67.0,12.0,0.0,0.0,5.0,59.9000015
0.0,1.5,0.0,0.0,0.0,0.0,0.0,0.0,3.5,0.0,10.6,0.0,0.0,67.0,12.0,0.0,0.0,5.0,59.70000079999999
0.0,1.5,0.0,0.0,0.0,0.0,0.0,0.0,3.5,0.0,10.6,0.0,0.0,67.0,12.0,0.0,0.0,5.0,59.5999985
0.0,0.25,0.0,0.0,0.0,0.0,0.0,0.0,9.03,0.0,3.05,0.0,0.0,70.52,8.32,0.0,0.0,8.51,63.0999985
0.0,0.25,0.0,0.0,0.0,0.0,0.0,0.0,9.03,0.0,3.05,0.0,0.0,70.52,8.32,0.0,0.0,8.51,63.79999920000001
0.0,0.25,0.0,0.0,0.0,0.0,0.0,0.0,9.03,0.0,3.05,0.0,0.0,70.52,8.32,0.0,0.0,8.51,64.0
0.0,1.96,0.0,0.0,0.0,0.0,0.0,0.0,5.87,0.0,7.83,0.0,0.0,66.54,9.78,0.0,0.0,7.83,61.5
0.0,2.0,0.0,0.0,0.0,0.0,0.0,0.0,5.99,0.0,7.98,0.0,0.0,67.86,9.98,0.0,0.0,5.99,61.5999985
0.0,1.96,0.0,0.0,0.0,0.0,0.0,0.0,7.83,0.0,7.83,0.0,0.0,66.54,9.78,0.0,0.0,5.87,61.9000015
0.0,1.96,0.0,0.0,0.0,0.0,0.0,0.0,7.83,0.0,7.83,0.0,0.0,66.54,9.78,0.0,0.0,5.87,63.0
0.0,2.77,0.0,0.0,0.0,0.0,0.0,0.0,7.76,0.0,7.76,0.0,0.0,65.99,9.7,0.0,0.0,5.82,61.79999920000001
0.0,2.77,0.0,0.0,0.0,0.0,0.0,0.0,10.67,0.0,6.87,0.0,0.0,62.3,9.17,0.0,0.0,8.03,63.29999920000001
0.0,2.77,0.0,0.0,0.0,0.0,0.0,0.0,12.62,0.0,4.93,0.0,0.0,62.3,9.17,0.0,0.0,8.03,64.1999969
0.0,2.77,0.0,0.0,0.97,0.0,0.0,0.0,10.67,0.0,5.9,0.0,0.0,62.3,9.17,0.0,0.0,8.03,63.4000015
0.0,2.76,0.0,0.0,0.97,0.0,0.0,0.0,12.11,0.0,4.44,0.0,0.0,62.18,9.15,0.0,0.0,8.01,64.0
0.0,2.76,0.0,0.0,0.97,0.0,0.0,0.0,12.11,0.0,4.44,0.0,0.0,62.18,9.15,0.0,0.0,8.01,64.4000015
0.0,9.91,0.0,0.0,1.96,0.0,0.0,0.0,4.42,0.0,27.77,0.0,0.0,47.2,0.98,0.0,0.0,7.36,58.0999985
0.0,10.11,0.0,0.0,0.0,0.0,0.0,0.0,4.5,0.0,28.33,0.0,0.0,48.15,1.0,0.0,0.0,7.51,57.0
0.0,10.11,0.0,0.0,0.0,0.0,0.0,0.0,4.5,0.0,28.33,0.0,0.0,48.15,1.0,0.0,0.0,7.51,57.5999985
0.0,10.11,0.0,0.0,0.0,0.0,0.0,0.0,4.5,0.0,28.33,0.0,0.0,48.15,1.0,0.0,0.0,7.51,57.29999920000001
0.0,10.11,0.0,0.0,0.0,0.0,0.0,0.0,4.5,0.0,28.33,0.0,0.0,48.15,1.0,0.0,0.0,7.51,57.4000015
0.0,9.91,0.0,0.0,1.96,0.0,0.0,0.0,4.42,0.0,27.77,0.0,0.0,47.2,0.98,0.0,0.0,7.36,57.29999920000001
0.0,10.11,0.0,0.0,0.0,0.0,0.0,0.0,4.5,0.0,28.33,0.0,0.0,48.15,1.0,0.0,0.0,7.51,56.79999920000001
0.0,9.82,0.0,0.0,0.0,0.0,0.0,0.0,3.96,0.0,30.55,0.0,0.0,47.68,1.98,0.0,0.0,6.01,56.70000079999999
0.0,9.82,0.0,0.0,0.0,0.0,0.0,0.0,3.96,0.0,30.55,0.0,0.0,47.68,1.98,0.0,0.0,6.01,56.5999985
0.0,9.82,0.0,0.0,0.0,0.0,0.0,0.0,3.96,0.0,30.55,0.0,0.0,47.68,1.98,0.0,0.0,6.01,56.79999920000001
0.0,9.82,0.0,0.0,0.0,0.0,0.0,0.0,3.96,0.0,30.55,0.0,0.0,47.68,1.98,0.0,0.0,6.01,56.4000015
0.0,9.76,0.0,0.0,0.0,0.0,0.0,0.0,3.93,0.0,30.37,0.0,0.0,47.4,1.97,0.0,0.0,5.97,56.5
0.0,9.77,0.0,0.0,0.0,0.0,0.0,0.0,3.94,0.0,30.4,0.0,0.0,47.44,1.97,0.0,0.0,5.98,54.5999985
0.0,9.77,0.0,0.0,0.0,0.0,0.0,0.0,3.94,0.0,30.4,0.0,0.0,47.44,1.97,0.0,0.0,5.98,56.5
0.0,10.49,0.0,0.0,0.0,0.0,0.0,0.0,5.49,0.0,29.47,0.0,0.0,45.95,2.0,0.0,0.0,6.09,56.5
0.0,10.49,0.0,0.0,0.0,0.0,0.0,0.0,5.49,0.0,29.47,0.0,0.0,45.95,2.0,0.0,0.0,6.09,56.70000079999999
0.0,10.49,0.0,0.0,0.0,0.0,0.0,0.0,5.49,0.0,29.47,0.0,0.0,45.95,2.0,0.0,0.0,6.09,57.0999985
0.0,10.49,0.0,0.0,0.0,0.0,0.0,0.0,5.49,0.0,29.47,0.0,0.0,45.95,2.0,0.0,0.0,6.09,56.70000079999999
0.0,10.49,0.0,0.0,0.0,0.0,0.0,0.0,5.49,0.0,29.47,0.0,0.0,45.95,2.0,0.0,0.0,6.09,56.5999985
0.0,8.46,0.0,0.0,0.0,0.0,0.0,0.0,6.47,0.0,29.35,0.0,0.0,46.07,1.99,0.0,0.0,7.16,56.4000015
0.0,10.4,0.0,0.0,0.0,0.0,0.0,0.0,4.57,0.0,26.51,0.0,0.0,48.11,2.0,0.0,0.0,8.0,56.5
0.0,10.4,0.0,0.0,0.0,0.0,0.0,0.0,4.57,0.0,26.51,0.0,0.0,48.11,2.0,0.0,0.0,8.0,57.5999985
0.0,8.47,0.0,0.0,0.0,0.0,0.0,0.0,6.47,0.0,29.38,0.0,0.0,46.12,1.99,0.0,0.0,7.17,57.5999985
0.0,8.39,0.0,0.0,2.0,0.0,0.0,0.0,4.6,0.0,26.47,0.0,0.0,48.05,2.0,0.0,0.0,7.99,57.20000079999999
0.0,8.39,0.0,0.0,2.0,0.0,0.0,0.0,4.6,0.0,26.47,0.0,0.0,48.05,2.0,0.0,0.0,7.99,56.9000015
0.0,8.39,0.0,0.0,2.0,0.0,0.0,0.0,4.6,0.0,26.47,0.0,0.0,48.05,2.0,0.0,0.0,7.99,57.70000079999999
0.0,8.39,0.0,0.0,2.0,0.0,0.0,0.0,4.6,0.0,26.47,0.0,0.0,48.05,2.0,0.0,0.0,7.99,57.9000015
0.0,8.39,0.0,0.0,2.0,0.0,0.0,0.0,4.6,0.0,26.47,0.0,0.0,48.05,2.0,0.0,0.0,7.99,58.5
0.0,8.39,0.0,0.0,2.0,0.0,0.0,0.0,4.6,0.0,26.47,0.0,0.0,48.05,2.0,0.0,0.0,7.99,57.5
0.0,8.39,0.0,0.0,2.0,0.0,0.0,0.0,4.6,0.0,26.47,0.0,0.0,48.05,2.0,0.0,0.0,7.99,57.70000079999999
0.0,8.39,0.0,0.0,2.0,0.0,0.0,0.0,4.6,0.0,26.47,0.0,0.0,48.05,2.0,0.0,0.0,7.99,57.5
0.0,8.39,0.0,0.0,2.0,0.0,0.0,0.0,4.6,0.0,26.47,0.0,0.0,48.05,2.0,0.0,0.0,7.99,57.9000015
0.0,8.39,0.0,0.0,2.0,0.0,0.0,0.0,4.57,0.0,26.48,0.0,0.0,48.07,2.0,0.0,0.0,7.99,57.0999985
0.0,8.39,0.0,0.0,2.0,0.0,0.0,0.0,4.57,0.0,26.48,0.0,0.0,48.07,2.0,0.0,0.0,7.99,57.5
0.0,8.39,0.0,0.0,2.0,0.0,0.0,0.0,4.57,0.0,26.48,0.0,0.0,48.07,2.0,0.0,0.0,7.99,57.20000079999999
0.0,8.39,0.0,0.0,2.0,0.0,0.0,0.0,4.57,0.0,26.48,0.0,0.0,48.07,2.0,0.0,0.0,7.99,56.4000015
0.0,8.39,0.0,0.0,2.0,0.0,0.0,0.0,4.57,0.0,26.48,0.0,0.0,48.07,2.0,0.0,0.0,7.99,57.79999920000001
0.0,7.57,0.0,0.0,1.97,0.0,0.0,0.0,4.92,0.0,43.26,0.0,0.0,38.94,0.0,2.95,0.0,0.0,57.0
0.0,7.55,0.0,0.0,1.96,0.0,0.0,0.0,4.9,0.0,43.14,0.0,0.0,36.27,0.0,2.94,0.0,2.55,53.5999985
0.0,7.7,0.0,0.0,0.0,0.0,0.0,0.0,5.0,0.0,44.0,0.0,0.0,37.0,0.0,3.0,0.0,2.6,53.5
0.0,7.7,0.0,0.0,0.0,0.0,0.0,0.0,5.0,0.0,44.0,0.0,0.0,37.0,0.0,3.0,0.0,2.6,53.9000015
0.0,7.7,0.0,0.0,0.0,0.0,0.0,0.0,5.0,0.0,44.0,0.0,0.0,37.0,0.0,3.0,0.0,2.6,53.5
0.0,7.7,0.0,0.0,0.0,0.0,0.0,0.0,5.0,0.0,47.0,0.0,0.0,37.0,0.0,0.0,0.0,2.6,55.20000079999999
0.0,7.26,0.0,0.0,0.0,0.0,0.0,5.81,10.16,0.0,41.14,0.0,0.0,32.43,0.0,0.0,0.0,2.52,57.0999985
0.0,6.86,0.0,0.0,1.96,0.0,0.0,0.98,4.9,0.0,44.12,0.0,0.0,38.24,0.0,0.0,0.0,2.55,55.9000015
0.0,7.19,0.0,0.0,0.0,0.0,0.0,1.03,5.13,0.0,46.2,0.0,0.0,40.04,0.0,0.0,0.0,0.0,57.0
0.0,7.8,0.0,0.0,2.0,0.0,0.0,4.0,9.1,0.0,42.0,0.0,0.0,34.5,0.0,0.0,0.0,0.0,56.79999920000001
0.0,0.0,0.0,0.0,5.01,0.0,0.0,0.0,0.0,0.0,0.0,0.0,0.0,74.67,9.01,0.0,0.0,11.01,60.20000079999999
0.0,0.0,0.0,0.0,11.85,0.0,0.0,0.08199999999999999,0.031,0.0,0.0,0.0,0.0,73.74,14.09,0.0,0.0,0.2,59.29999920000001
0.0,0.0,0.0,0.0,12.82,0.0,0.0,0.092,0.0,0.0,0.0,0.0,0.0,73.13,13.76,0.0,0.0,0.1,59.0999985
0.0,0.0,0.0,0.0,11.01,0.0,0.0,0.0,0.0,0.0,0.0,0.0,0.0,70.67,2.0,0.0,0.0,16.02,60.20000079999999
0.0,0.0,0.0,0.0,8.0,0.0,0.0,0.0,0.0,0.0,2.6,0.0,0.0,71.6,8.1,0.0,0.0,9.0,60.0
0.0,0.0,0.0,0.0,10.34,0.0,0.0,0.3,0.0,0.0,0.0,0.0,0.0,69.58,0.2,0.0,0.0,19.28,60.0999985
0.0,0.0,0.0,0.0,2.06,0.0,0.0,0.04,5.93,0.0,0.0,0.0,0.0,72.73,5.2,0.0,0.0,13.96,64.0999985
0.0,0.0,0.0,0.0,2.0,0.0,0.0,0.0,7.51,0.0,0.0,0.0,0.0,70.47,5.31,0.0,0.0,14.51,64.0
0.0,0.0,0.0,0.0,2.0,0.0,0.0,0.0,8.0,0.0,0.0,0.0,0.0,70.0,5.3,0.0,0.0,14.5,63.5
0.0,0.0,0.0,0.0,1.9,0.0,0.0,0.0,8.31,0.0,0.0,0.0,0.0,70.07,7.41,0.0,0.0,12.01,64.0999985
0.0,0.0,0.0,0.0,2.0,0.0,0.0,0.0,10.01,0.0,0.0,0.0,0.0,68.27,10.01,0.0,0.0,9.51,63.5
0.0,0.0,0.0,0.0,0.0,0.0,0.0,5.0,12.0,0.0,0.0,0.0,0.0,72.0,11.0,0.0,0.0,0.0,64.6999969
0.0,0.0,0.0,0.0,0.0,0.0,0.0,5.0,14.0,0.0,0.0,0.0,0.0,71.0,10.0,0.0,0.0,0.0,64.5999985
0.0,0.0,0.0,0.0,2.01,0.0,0.0,1.48,8.27,0.0,0.0,0.0,0.0,71.88,3.66,0.0,0.0,12.69,63.0999985
0.0,0.0,0.0,0.0,0.0,0.0,0.0,1.0,6.01,0.0,0.0,0.0,0.0,70.67,11.51,0.0,0.0,10.51,62.29999920000001
0.0,1.47,0.0,0.0,0.17,0.0,0.0,0.89,6.35,0.0,0.0,0.0,0.0,71.46,10.18,0.0,0.0,9.29,62.0999985
0.0,0.0,0.0,0.0,0.071,0.0,0.0,0.04,10.01,0.0,2.56,0.0,0.0,70.25,8.52,0.0,0.0,8.45,64.0
0.0,0.0,0.0,0.0,8.01,0.0,0.0,0.0,2.5,0.0,0.0,0.0,0.0,69.07,4.0,0.0,0.0,16.02,60.9000015
0.0,1.0,0.0,0.0,0.0,0.0,0.0,0.0,3.5,0.0,9.7,0.0,0.0,68.5,12.0,0.0,0.0,5.0,60.4000015
0.0,7.0,0.0,0.0,0.0,0.0,0.0,0.0,3.5,0.0,0.0,0.0,0.0,68.1,5.0,0.0,0.0,16.0,60.5
0.0,1.8,0.0,0.0,0.051,0.0,0.0,0.061,10.08,0.0,0.0,0.0,0.0,68.44,9.39,0.0,0.0,10.18,64.0
0.0,11.5,0.0,0.0,0.0,0.0,0.0,0.0,4.5,0.0,0.0,0.0,0.0,65.6,14.5,0.0,0.0,3.5,60.20000079999999
