Li2O,ZnO,TiO2,ZrO2,CaO,Nb2O5,Nb2O3,Al2O3,B2O3,Sb2O3,BaO,La2O3,SrO,SiO2,Na2O,PbO,Y2O3,K2O,RI
2.49,0.0,0.0,0.0,0.0,0.0,0.0,0.0,96.78,0.0,0.0,0.0,0.0,0.0,0.0,0.0,0.0,0.0,1.49
4.37,0.0,0.0,0.0,0.0,0.0,0.0,0.0,94.94,0.0,0.0,0.0,0.0,0.0,0.0,0.0,0.0,0.0,1.51
0.0,0.0,16.64,0.0,11.68,0.0,0.0,21.23,0.0,0.0,0.0,0.0,0.0,37.54,12.91,0.0,0.0,0.0,1.6289999
0.0,0.0,14.79,0.0,10.38,0.0,0.0,18.87,0.0,0.0,0.0,0.0,0.0,44.49,11.47,0.0,0.0,0.0,1.61
0.0,0.0,13.31,0.0,9.34,0.0,0.0,16.98,0.0,0.0,0.0,0.0,0.0,50.04,10.33,0.0,0.0,0.0,1.59
0.0,0.0,12.1,0.0,8.49,0.0,0.0,15.44,0.0,0.0,0.0,0.0,0.0,54.58,9.39,0.0,0.0,0.0,1.5779999
0.0,0.0,11.09,0.0,7.78,0.0,0.0,14.15,0.0,0.0,0.0,0.0,0.0,58.38,8.6,0.0,0.0,0.0,1.5650001
0.0,0.0,0.0,0.0,0.0,0.0,0.0,19.44,0.0,0.0,0.0,0.0,0.0,68.74,11.82,0.0,0.0,0.0,1.489
0.0,0.0,8.2,0.0,5.75,0.0,0.0,15.53,0.0,0.0,0.0,0.0,0.0,61.08,9.44,0.0,0.0,0.0,1.5420001
0.0,0.0,10.72,0.0,7.52,0.0,0.0,14.33,0.0,0.0,0.0,0.0,0.0,58.72,8.71,0.0,0.0,0.0,1.5619999999999998
0.0,0.0,13.14,0.0,9.22,0.0,0.0,13.17,0.0,0.0,0.0,0.0,0.0,56.46,8.01,0.0,0.0,0.0,1.58
0.0,0.0,15.46,0.0,10.86,0.0,0.0,12.06,0.0,0.0,0.0,0.0,0.0,54.28,7.34,0.0,0.0,0.0,1.595
0.0,0.0,19.87,0.0,13.95,0.0,0.0,9.96,0.0,0.0,0.0,0.0,0.0,50.16,6.06,0.0,0.0,0.0,1.635
0.0,0.0,23.96,0.0,16.82,0.0,0.0,8.01,0.0,0.0,0.0,0.0,0.0,46.34,4.87,0.0,0.0,0.0,1.675
0.0,0.0,27.95,0.0,19.61,0.0,0.0,6.23,0.0,0.0,0.0,0.0,0.0,42.43,3.78,0.0,0.0,0.0,1.715
0.0,0.0,31.34,0.0,22.0,0.0,0.0,4.49,0.0,0.0,0.0,0.0,0.0,39.44,2.73,0.0,0.0,0.0,1.75
0.0,0.0,34.68,0.0,24.34,0.0,0.0,2.9,0.0,0.0,0.0,0.0,0.0,36.32,1.76,0.0,0.0,0.0,1.785
0.0,0.0,37.81,0.0,26.54,0.0,0.0,1.4,0.0,0.0,0.0,0.0,0.0,33.4,0.85,0.0,0.0,0.0,1.825
0.0,0.0,40.75,0.0,28.6,0.0,0.0,0.0,0.0,0.0,0.0,0.0,0.0,30.65,0.0,0.0,0.0,0.0,1.865
0.0,0.0,16.64,0.0,11.68,0.0,0.0,21.23,0.0,0.0,0.0,0.0,0.0,37.54,12.91,0.0,0.0,0.0,1.6289999
0.0,0.0,14.79,0.0,10.38,0.0,0.0,18.87,0.0,0.0,0.0,0.0,0.0,44.49,11.47,0.0,0.0,0.0,1.61
0.0,0.0,13.31,0.0,9.34,0.0,0.0,16.98,0.0,0.0,0.0,0.0,0.0,50.04,10.33,0.0,0.0,0.0,1.59
0.0,0.0,12.1,0.0,8.49,0.0,0.0,15.44,0.0,0.0,0.0,0.0,0.0,54.58,9.39,0.0,0.0,0.0,1.5779999
0.0,0.0,11.09,0.0,7.78,0.0,0.0,14.15,0.0,0.0,0.0,0.0,0.0,58.38,8.6,0.0,0.0,0.0,1.5650001
0.0,0.0,20.9,0.0,0.0,0.0,0.0,0.0,0.0,0.0,0.0,0.0,0.0,62.88,16.22,0.0,0.0,0.0,1.624
0.0,0.0,30.49,0.0,0.0,0.0,0.0,0.0,0.0,0.0,0.0,0.0,0.0,45.86,23.65,0.0,0.0,0.0,1.6780000000000002
0.0,0.0,39.56,0.0,0.0,0.0,0.0,0.0,0.0,0.0,0.0,0.0,0.0,29.75,30.69,0.0,0.0,0.0,1.73
0.0,0.0,15.84,0.0,0.0,0.0,0.0,0.0,0.0,0.0,0.0,0.0,0.0,59.58,24.58,0.0,0.0,0.0,1.5819999999999999
0.0,0.0,13.61,0.0,0.0,0.0,0.0,7.11,0.0,0.0,0.0,0.0,0.0,58.16,21.12,0.0,0.0,0.0,1.575
0.0,0.0,12.18,0.0,0.0,0.0,0.0,11.66,0.0,0.0,0.0,0.0,0.0,57.26,18.9,0.0,0.0,0.0,1.5590000000000002
0.0,0.0,10.79,0.0,0.0,0.0,0.0,16.07,0.0,0.0,0.0,0.0,0.0,56.38,16.75,0.0,0.0,0.0,1.55
0.0,0.0,9.45,0.0,0.0,0.0,0.0,20.35,0.0,0.0,0.0,0.0,0.0,55.53,14.66,0.0,0.0,0.0,1.54
0.0,0.0,8.79,0.0,0.0,0.0,0.0,22.45,0.0,0.0,0.0,0.0,0.0,55.12,13.64,0.0,0.0,0.0,1.535
0.0,0.0,8.27,0.0,0.0,0.0,0.0,24.1,0.0,0.0,0.0,0.0,0.0,54.79,12.84,0.0,0.0,0.0,1.535
0.0,0.0,7.89,0.0,0.0,0.0,0.0,25.32,0.0,0.0,0.0,0.0,0.0,54.54,12.24,0.0,0.0,0.0,1.5369999
0.0,0.0,7.51,0.0,0.0,0.0,0.0,26.54,0.0,0.0,0.0,0.0,0.0,54.3,11.65,0.0,0.0,0.0,1.536
0.0,0.0,6.26,0.0,0.0,0.0,0.0,30.51,0.0,0.0,0.0,0.0,0.0,53.51,9.72,0.0,0.0,0.0,1.5390000000000001
0.0,0.0,0.0,0.0,0.0,0.0,0.0,50.45,0.0,0.0,0.0,0.0,0.0,49.55,0.0,0.0,0.0,0.0,1.548
0.0,0.0,18.86,0.0,0.0,0.0,0.0,0.0,0.0,0.0,0.0,0.0,0.0,56.75,24.39,0.0,0.0,0.0,1.6030000000000002
2.41,0.0,19.35,0.0,0.0,0.0,0.0,0.0,0.0,0.0,0.0,0.0,0.0,58.22,20.02,0.0,0.0,0.0,1.617
6.28,0.0,20.13,0.0,0.0,0.0,0.0,0.0,0.0,0.0,0.0,0.0,0.0,60.57,13.02,0.0,0.0,0.0,1.626
10.46,0.0,20.98,0.0,0.0,0.0,0.0,0.0,0.0,0.0,0.0,0.0,0.0,63.13,5.43,0.0,0.0,0.0,1.635
0.0,0.0,0.0,0.0,6.24,0.0,0.0,22.68,0.0,0.0,0.0,0.0,0.0,50.12,0.0,0.0,0.0,20.96,1.517
0.0,0.0,0.0,0.0,6.33,0.0,0.0,23.01,0.0,0.0,0.0,0.0,0.0,50.85,2.8,0.0,0.0,17.01,1.517
0.0,0.0,0.0,0.0,6.42,0.0,0.0,23.35,0.0,0.0,0.0,0.0,0.0,51.6,5.68,0.0,0.0,12.94,1.5190001
0.0,0.0,0.0,0.0,6.52,0.0,0.0,23.7,0.0,0.0,0.0,0.0,0.0,52.38,8.64,0.0,0.0,8.76,1.5190001
0.0,0.0,0.0,0.0,6.62,0.0,0.0,24.06,0.0,0.0,0.0,0.0,0.0,53.17,11.7,0.0,0.0,4.45,1.52
0.0,0.0,0.0,0.0,6.72,0.0,0.0,24.43,0.0,0.0,0.0,0.0,0.0,53.99,14.85,0.0,0.0,0.0,1.521
0.0,0.0,0.0,0.0,0.0,0.0,0.0,0.0,0.0,0.0,0.0,0.0,0.0,41.69,0.0,51.25,0.0,7.05,1.6480000000000001
1.65,0.0,0.0,0.0,0.0,0.0,0.0,0.0,0.0,0.0,0.0,0.0,0.0,46.15,0.0,44.4,0.0,7.81,1.624
3.7,0.0,0.0,0.0,0.0,0.0,0.0,0.0,0.0,0.0,0.0,0.0,0.0,51.66,0.0,35.9,0.0,8.74,1.599
6.3,0.0,0.0,0.0,0.0,0.0,0.0,0.0,0.0,0.0,0.0,0.0,0.0,58.68,0.0,25.09,0.0,9.93,1.569
9.72,0.0,0.0,0.0,0.0,0.0,0.0,0.0,0.0,0.0,0.0,0.0,0.0,67.91,0.0,10.89,0.0,11.49,1.538
12.34,0.0,0.0,0.0,0.0,0.0,0.0,0.0,0.0,0.0,0.0,0.0,0.0,74.98,0.0,0.0,0.0,12.68,1.5190001
0.0,0.0,0.0,0.0,0.0,0.0,0.0,0.0,0.0,0.0,0.0,0.0,0.0,45.34,3.36,43.62,0.0,7.67,1.62
0.0,0.0,0.0,0.0,0.0,0.0,0.0,0.0,0.0,0.0,0.0,0.0,0.0,49.69,7.38,34.53,0.0,8.41,1.59
0.0,0.0,0.0,0.0,0.0,0.0,0.0,0.0,0.0,0.0,0.0,0.0,0.0,54.96,12.24,23.5,0.0,9.3,1.5590000000000002
0.0,0.0,0.0,0.0,0.0,0.0,0.0,0.0,0.0,0.0,0.0,0.0,0.0,61.49,18.25,9.86,0.0,10.4,1.524
0.0,0.0,0.0,0.0,0.0,0.0,0.0,0.0,0.0,0.0,0.0,0.0,0.0,66.2,22.6,0.0,0.0,11.2,1.5039999
0.0,0.0,0.0,0.0,0.0,0.0,0.0,0.0,0.0,0.0,0.0,0.0,0.0,44.56,0.0,42.87,0.0,12.56,1.615
0.0,0.0,0.0,0.0,0.0,0.0,0.0,0.0,0.0,0.0,0.0,0.0,0.0,47.86,0.0,33.25,0.0,18.89,1.5819999999999999
0.0,0.0,0.0,0.0,0.0,0.0,0.0,0.0,0.0,0.0,0.0,0.0,0.0,51.68,0.0,22.1,0.0,26.23,1.5530000000000002
0.0,0.0,0.0,0.0,0.0,0.0,0.0,0.0,0.0,0.0,0.0,0.0,0.0,56.16,0.0,9.01,0.0,34.84,1.5190001
0.0,1.48,0.0,0.0,1.69,0.0,0.0,5.05,18.68,0.0,37.07,0.0,0.0,36.02,0.0,0.0,0.0,0.0,1.589
1.95,1.59,0.0,0.0,1.83,0.0,0.0,5.46,20.19,0.0,30.04,0.0,0.0,38.93,0.0,0.0,0.0,0.0,1.5779999
4.25,1.73,0.0,0.0,1.99,0.0,0.0,5.94,21.96,0.0,21.79,0.0,0.0,42.34,0.0,0.0,0.0,0.0,1.568
6.98,1.9,0.0,0.0,2.18,0.0,0.0,6.51,24.07,0.0,11.94,0.0,0.0,46.41,0.0,0.0,0.0,0.0,1.5549999
10.3,2.1,0.0,0.0,2.42,0.0,0.0,7.2,26.63,0.0,0.0,0.0,0.0,51.35,0.0,0.0,0.0,0.0,1.5420001
0.0,1.56,0.0,0.0,1.79,0.0,0.0,5.35,19.77,0.0,29.43,0.0,0.0,38.13,3.96,0.0,0.0,0.0,1.5730000000000002
0.0,1.66,0.0,0.0,1.91,0.0,0.0,5.68,21.0,0.0,20.83,0.0,0.0,40.5,8.42,0.0,0.0,0.0,1.558
0.0,1.77,0.0,0.0,2.03,0.0,0.0,6.06,22.39,0.0,11.11,0.0,0.0,43.18,13.47,0.0,0.0,0.0,1.541
0.0,1.89,0.0,0.0,2.18,0.0,0.0,6.49,23.98,0.0,0.0,0.0,0.0,46.24,19.23,0.0,0.0,0.0,1.525
0.0,1.53,0.0,0.0,1.76,0.0,0.0,5.24,19.38,0.0,28.83,0.0,0.0,37.36,0.0,0.0,0.0,5.9,1.5630000000000002
0.0,1.59,0.0,0.0,1.83,0.0,0.0,5.44,20.12,0.0,19.96,0.0,0.0,38.8,0.0,0.0,0.0,12.26,1.5430000000000001
0.0,1.65,0.0,0.0,1.9,0.0,0.0,5.66,20.93,0.0,10.38,0.0,0.0,40.35,0.0,0.0,0.0,19.13,1.5230000000000001
0.0,1.72,0.0,0.0,1.98,0.0,0.0,5.9,21.8,0.0,0.0,0.0,0.0,42.03,0.0,0.0,0.0,26.57,1.5030000000000001
0.0,0.0,0.0,0.0,0.0,0.0,0.0,0.0,11.37,0.0,0.0,0.0,0.0,78.51,10.12,0.0,0.0,0.0,1.4980000000000002
0.0,0.0,0.0,0.0,0.0,0.0,0.0,0.0,27.78,0.0,0.0,0.0,0.0,62.33,9.89,0.0,0.0,0.0,1.49
0.0,0.0,0.0,0.0,0.0,0.0,0.0,0.0,36.54,0.0,0.0,0.0,0.0,53.69,9.77,0.0,0.0,0.0,1.485
0.0,0.0,0.0,0.0,0.0,0.0,0.0,0.0,53.52,0.0,0.0,0.0,0.0,36.95,9.53,0.0,0.0,0.0,1.484
0.0,0.0,0.0,0.0,0.0,0.0,0.0,0.0,22.38,0.0,0.0,0.0,0.0,65.67,11.95,0.0,0.0,0.0,1.5039999
0.0,0.0,0.0,0.0,0.0,0.0,0.0,0.0,14.15,0.0,0.0,0.0,0.0,73.26,12.59,0.0,0.0,0.0,1.508
0.0,0.0,0.0,0.0,0.0,0.0,0.0,0.0,14.7,0.0,0.0,0.0,0.0,72.21,13.09,0.0,0.0,0.0,1.51
0.0,0.0,0.0,0.0,0.0,0.0,0.0,0.0,36.5,0.0,0.0,0.0,0.0,50.52,12.98,0.0,0.0,0.0,1.501
0.0,0.0,0.0,0.0,0.0,0.0,0.0,0.0,33.04,0.0,0.0,0.0,0.0,53.23,13.73,0.0,0.0,0.0,1.5089999
0.0,0.0,0.0,0.0,0.0,0.0,0.0,0.0,16.9,0.0,0.0,0.0,0.0,68.06,15.04,0.0,0.0,0.0,1.516
0.0,0.0,0.0,0.0,0.0,0.0,0.0,0.0,27.74,0.0,0.0,0.0,0.0,57.45,14.82,0.0,0.0,0.0,1.515
0.0,0.0,0.0,0.0,0.0,0.0,0.0,0.0,43.39,0.0,0.0,0.0,0.0,42.13,14.48,0.0,0.0,0.0,1.505
0.0,0.0,0.0,0.0,0.0,0.0,0.0,0.0,22.35,0.0,0.0,0.0,0.0,61.73,15.92,0.0,0.0,0.0,1.5190001
0.0,0.0,0.0,0.0,0.0,0.0,0.0,0.0,18.75,0.0,0.0,0.0,0.0,64.55,16.7,0.0,0.0,0.0,1.5190001
0.0,0.0,0.0,0.0,0.0,0.0,0.0,0.0,16.89,0.0,0.0,0.0,0.0,66.07,17.04,0.0,0.0,0.0,1.518
0.0,0.0,0.0,0.0,0.0,0.0,0.0,0.0,14.13,0.0,0.0,0.0,0.0,68.27,17.61,0.0,0.0,0.0,1.516
0.0,0.0,0.0,0.0,0.0,0.0,0.0,0.0,19.62,0.0,0.0,0.0,0.0,62.91,17.47,0.0,0.0,0.0,1.521
0.0,0.0,0.0,0.0,0.0,0.0,0.0,0.0,33.01,0.0,0.0,0.0,0.0,49.85,17.14,0.0,0.0,0.0,1.52
0.0,0.0,0.0,0.0,0.0,0.0,0.0,0.0,11.34,0.0,0.0,0.0,0.0,70.48,18.18,0.0,0.0,0.0,1.5119999999999998
0.0,0.0,0.0,0.0,0.0,0.0,0.0,0.0,5.71,0.0,0.0,0.0,0.0,74.96,19.33,0.0,0.0,0.0,1.5030000000000001
0.0,0.0,0.0,0.0,0.0,0.0,0.0,0.0,21.25,0.0,0.0,0.0,0.0,59.84,18.92,0.0,0.0,0.0,1.5230000000000001
0.0,0.0,0.0,0.0,0.0,0.0,0.0,0.0,22.32,0.0,0.0,0.0,0.0,57.8,19.87,0.0,0.0,0.0,1.524
0.0,0.0,0.0,0.0,0.0,0.0,0.0,0.0,23.4,0.0,0.0,0.0,0.0,55.77,20.83,0.0,0.0,0.0,1.526
0.0,0.0,0.0,0.0,0.0,0.0,0.0,0.0,25.0,0.0,0.0,0.0,0.0,52.74,22.26,0.0,0.0,0.0,1.527
0.0,0.0,0.0,0.0,0.0,0.0,0.0,0.0,25.53,0.0,0.0,0.0,0.0,51.74,22.73,0.0,0.0,0.0,1.527
0.0,0.0,0.0,0.0,0.0,0.0,0.0,0.0,26.59,0.0,0.0,0.0,0.0,49.73,23.68,0.0,0.0,0.0,1.528
0.0,0.0,0.0,0.0,0.0,0.0,0.0,0.0,27.65,0.0,0.0,0.0,0.0,47.73,24.62,0.0,0.0,0.0,1.528
0.0,0.0,0.0,0.0,0.0,0.0,0.0,0.0,30.28,0.0,0.0,0.0,0.0,42.76,26.96,0.0,0.0,0.0,1.528
0.0,0.0,0.0,0.0,0.0,0.0,0.0,0.0,32.88,0.0,0.0,0.0,0.0,37.84,29.28,0.0,0.0,0.0,1.528
0.0,0.0,0.0,0.0,0.0,0.0,0.0,0.0,36.29,0.0,0.0,0.0,0.0,31.41,32.3,0.0,0.0,0.0,1.525
0.0,0.0,0.0,0.0,0.0,0.0,0.0,0.0,10.8,0.0,0.0,0.0,0.0,74.58,0.0,0.0,0.0,14.62,1.5030000000000001
0.0,0.0,0.0,0.0,0.0,0.0,0.0,0.0,12.1,0.0,0.0,0.0,0.0,71.53,0.0,0.0,0.0,16.37,1.507
0.0,0.0,0.0,0.0,0.0,0.0,0.0,0.0,13.28,0.0,0.0,0.0,0.0,68.76,0.0,0.0,0.0,17.97,1.511
0.0,0.0,0.0,0.0,0.0,0.0,0.0,0.0,15.67,0.0,0.0,0.0,0.0,63.12,0.0,0.0,0.0,21.21,1.516
0.0,0.0,0.0,0.0,0.0,0.0,0.0,0.0,17.26,0.0,0.0,0.0,0.0,59.39,0.0,0.0,0.0,23.35,1.518
0.0,0.0,0.0,0.0,0.0,0.0,0.0,0.0,17.72,0.0,0.0,0.0,0.0,58.31,0.0,0.0,0.0,23.97,1.518
0.0,0.0,0.0,0.0,0.0,0.0,0.0,0.0,17.99,0.0,0.0,0.0,0.0,57.67,0.0,0.0,0.0,24.34,1.5190001
0.0,0.0,0.0,0.0,0.0,0.0,0.0,0.0,18.63,0.0,0.0,0.0,0.0,56.17,0.0,0.0,0.0,25.2,1.5190001
0.0,0.0,0.0,0.0,0.0,0.0,0.0,0.0,19.35,0.0,0.0,0.0,0.0,54.48,0.0,0.0,0.0,26.17,1.52
0.0,0.0,0.0,0.0,0.0,0.0,0.0,0.0,21.11,0.0,0.0,0.0,0.0,50.32,0.0,0.0,0.0,28.56,1.52
0.0,0.0,0.0,0.0,0.0,0.0,0.0,0.0,21.98,0.0,0.0,0.0,0.0,48.28,0.0,0.0,0.0,29.74,1.52
0.0,0.0,0.0,0.0,0.0,0.0,0.0,0.0,22.41,0.0,0.0,0.0,0.0,47.27,0.0,0.0,0.0,30.32,1.5190001
0.0,0.0,0.0,0.0,0.0,0.0,0.0,0.0,22.84,0.0,0.0,0.0,0.0,46.27,0.0,0.0,0.0,30.9,1.5190001
0.0,0.0,0.0,0.0,0.0,0.0,0.0,0.0,23.68,0.0,0.0,0.0,0.0,44.28,0.0,0.0,0.0,32.04,1.5190001
0.0,0.0,0.0,0.0,0.0,0.0,0.0,0.0,26.56,0.0,0.0,0.0,0.0,37.51,0.0,0.0,0.0,35.93,1.517
0.0,0.0,0.0,0.0,0.0,0.0,0.0,0.0,14.67,0.0,0.0,0.0,0.0,47.87,0.0,0.0,0.0,37.46,1.515
0.0,0.0,0.0,0.0,0.0,0.0,0.0,0.0,23.04,0.0,0.0,0.0,0.0,43.14,0.0,0.0,0.0,33.82,1.5190001
0.0,0.0,0.0,0.0,0.0,0.0,0.0,0.0,24.52,0.0,0.0,0.0,0.0,42.32,0.0,0.0,0.0,33.17,1.518
0.0,0.0,0.0,0.0,0.0,0.0,0.0,0.0,29.46,0.0,0.0,0.0,0.0,39.58,0.0,0.0,0.0,30.96,1.518
0.0,0.0,0.0,0.0,0.0,0.0,0.0,0.0,10.13,0.0,0.0,0.0,0.0,59.02,0.0,0.0,0.0,30.84,1.5119999999999998
0.0,0.0,0.0,0.0,0.0,0.0,0.0,0.0,11.25,0.0,0.0,0.0,0.0,58.32,0.0,0.0,0.0,30.43,1.5130000000000001
0.0,0.0,0.0,0.0,0.0,0.0,0.0,0.0,13.46,0.0,0.0,0.0,0.0,56.84,0.0,0.0,0.0,29.7,1.516
0.0,0.0,0.0,0.0,0.0,0.0,0.0,0.0,40.35,0.0,0.0,0.0,0.0,39.18,0.0,0.0,0.0,20.47,1.501
0.0,0.0,0.0,0.0,0.0,0.0,0.0,0.0,3.22,0.0,0.0,0.0,0.0,69.5,0.0,0.0,0.0,27.28,1.499
0.0,0.0,0.0,0.0,0.0,0.0,0.0,0.0,5.19,0.0,0.0,0.0,0.0,68.11,0.0,0.0,0.0,26.7,1.5030000000000001
0.0,0.0,0.0,0.0,0.0,0.0,0.0,0.0,6.43,0.0,0.0,0.0,0.0,67.17,0.0,0.0,0.0,26.4,1.5039999
0.0,0.0,0.0,0.0,0.0,0.0,0.0,0.0,9.43,0.0,0.0,0.0,0.0,65.04,0.0,0.0,0.0,25.53,1.5089999
0.0,0.0,0.0,0.0,0.0,0.0,0.0,0.0,10.36,0.0,0.0,0.0,0.0,64.4,0.0,0.0,0.0,25.24,1.51
0.0,0.0,0.0,0.0,0.0,0.0,0.0,0.0,14.8,0.0,0.0,0.0,0.0,61.26,0.0,0.0,0.0,23.94,1.516
0.0,0.0,0.0,0.0,0.0,0.0,0.0,0.0,15.51,0.0,0.0,0.0,0.0,60.7,0.0,0.0,0.0,23.79,1.516
0.0,0.0,0.0,0.0,0.0,0.0,0.0,0.0,17.26,0.0,0.0,0.0,0.0,59.39,0.0,0.0,0.0,23.35,1.518
0.0,0.0,0.0,0.0,0.0,0.0,0.0,0.0,18.08,0.0,0.0,0.0,0.0,58.85,0.0,0.0,0.0,23.07,1.518
0.0,0.0,0.0,0.0,0.0,0.0,0.0,0.0,19.31,0.0,0.0,0.0,0.0,57.92,0.0,0.0,0.0,22.77,1.517
0.0,0.0,0.0,0.0,0.0,0.0,0.0,0.0,20.64,0.0,0.0,0.0,0.0,57.01,0.0,0.0,0.0,22.34,1.516
0.0,0.0,0.0,0.0,0.0,0.0,0.0,0.0,22.18,0.0,0.0,0.0,0.0,55.91,0.0,0.0,0.0,21.91,1.516
0.0,0.0,0.0,0.0,0.0,0.0,0.0,0.0,23.81,0.0,0.0,0.0,0.0,54.71,0.0,0.0,0.0,21.48,1.5130000000000001
0.0,0.0,0.0,0.0,0.0,0.0,0.0,0.0,25.75,0.0,0.0,0.0,0.0,53.34,0.0,0.0,0.0,20.91,1.5130000000000001
0.0,0.0,0.0,0.0,0.0,0.0,0.0,0.0,29.42,0.0,0.0,0.0,0.0,50.68,0.0,0.0,0.0,19.9,1.507
0.0,0.0,0.0,0.0,0.0,0.0,0.0,0.0,30.84,0.0,0.0,0.0,0.0,49.69,0.0,0.0,0.0,19.47,1.5039999
0.0,0.0,0.0,0.0,0.0,0.0,0.0,0.0,34.2,0.0,0.0,0.0,0.0,47.33,0.0,0.0,0.0,18.48,1.5
0.0,0.0,0.0,0.0,0.0,0.0,0.0,0.0,42.11,0.0,0.0,0.0,0.0,43.65,0.0,0.0,0.0,14.24,1.4869999999999999
0.0,0.0,0.0,0.0,0.0,0.0,0.0,0.0,50.99,0.0,0.0,0.0,0.0,35.21,0.0,0.0,0.0,13.8,1.4859999
0.0,0.0,0.0,0.0,0.0,0.0,0.0,0.0,12.5,0.0,0.0,0.0,0.0,68.58,0.0,0.0,0.0,18.92,1.511
0.0,0.0,0.0,0.0,0.0,0.0,0.0,0.0,13.76,0.0,0.0,0.0,0.0,67.61,0.0,0.0,0.0,18.62,1.511
0.0,0.0,0.0,0.0,0.0,0.0,0.0,0.0,13.86,0.0,0.0,0.0,0.0,67.39,0.0,0.0,0.0,18.75,1.511
0.0,0.0,0.0,0.0,0.0,0.0,0.0,0.0,20.23,0.0,0.0,0.0,0.0,52.39,0.0,0.0,0.0,27.38,1.52
0.0,0.0,0.0,0.0,0.0,0.0,0.0,0.0,24.52,0.0,0.0,0.0,0.0,42.32,0.0,0.0,0.0,33.17,1.518
0.0,0.0,0.0,0.0,0.0,0.0,0.0,0.0,28.54,0.0,0.0,0.0,0.0,32.84,0.0,0.0,0.0,38.62,1.516
0.0,0.0,0.0,0.0,0.0,0.0,0.0,0.0,9.77,0.0,0.0,0.0,0.0,50.58,0.0,0.0,0.0,39.65,1.5130000000000001
0.0,0.0,0.0,0.0,0.0,0.0,0.0,0.0,15.65,0.0,0.0,0.0,0.0,47.28,0.0,0.0,0.0,37.06,1.516
0.0,0.0,0.0,0.0,0.0,0.0,0.0,0.0,17.81,0.0,0.0,0.0,0.0,46.04,0.0,0.0,0.0,36.15,1.517
0.0,0.0,0.0,0.0,0.0,0.0,0.0,0.0,19.58,0.0,0.0,0.0,0.0,45.04,0.0,0.0,0.0,35.37,1.517
0.0,0.0,0.0,0.0,0.0,0.0,0.0,0.0,21.26,0.0,0.0,0.0,0.0,44.14,0.0,0.0,0.0,34.6,1.518
0.0,0.0,0.0,0.0,0.0,0.0,0.0,0.0,26.98,0.0,0.0,0.0,0.0,40.9,0.0,0.0,0.0,32.12,1.5190001
0.0,0.0,0.0,0.0,0.0,0.0,0.0,0.0,32.73,0.0,0.0,0.0,0.0,37.75,0.0,0.0,0.0,29.52,1.517
0.0,0.0,0.0,0.0,0.0,0.0,0.0,0.0,39.38,0.0,0.0,0.0,0.0,33.98,0.0,0.0,0.0,26.64,1.511
0.0,0.0,0.0,0.0,0.0,0.0,0.0,0.0,5.07,0.0,0.0,0.0,0.0,62.41,0.0,0.0,0.0,32.52,1.505
0.0,0.0,0.0,0.0,0.0,0.0,0.0,0.0,6.79,0.0,0.0,0.0,0.0,61.25,0.0,0.0,0.0,31.96,1.507
0.0,0.0,0.0,0.0,0.0,0.0,0.0,0.0,12.46,0.0,0.0,0.0,0.0,57.52,0.0,0.0,0.0,30.02,1.516
0.0,0.0,0.0,0.0,0.0,0.0,0.0,0.0,14.48,0.0,0.0,0.0,0.0,56.2,0.0,0.0,0.0,29.32,1.516
0.0,0.0,0.0,0.0,0.0,0.0,0.0,0.0,15.19,0.0,0.0,0.0,0.0,55.76,0.0,0.0,0.0,29.05,1.517
0.0,0.0,0.0,0.0,0.0,0.0,0.0,0.0,17.41,0.0,0.0,0.0,0.0,54.24,0.0,0.0,0.0,28.35,1.5190001
0.0,0.0,0.0,0.0,0.0,0.0,0.0,0.0,19.23,0.0,0.0,0.0,0.0,53.11,0.0,0.0,0.0,27.66,1.52
0.0,0.0,0.0,0.0,0.0,0.0,0.0,0.0,20.23,0.0,0.0,0.0,0.0,52.39,0.0,0.0,0.0,27.38,1.52
0.0,0.0,0.0,0.0,0.0,0.0,0.0,0.0,21.75,0.0,0.0,0.0,0.0,51.42,0.0,0.0,0.0,26.83,1.52
0.0,0.0,0.0,0.0,0.0,0.0,0.0,0.0,24.07,0.0,0.0,0.0,0.0,49.93,0.0,0.0,0.0,26.0,1.5190001
0.0,0.0,0.0,0.0,0.0,0.0,0.0,0.0,25.28,0.0,0.0,0.0,0.0,49.13,0.0,0.0,0.0,25.59,1.5190001
0.0,0.0,0.0,0.0,0.0,0.0,0.0,0.0,26.99,0.0,0.0,0.0,0.0,47.98,0.0,0.0,0.0,25.03,1.518
0.0,0.0,0.0,0.0,0.0,0.0,0.0,0.0,30.31,0.0,0.0,0.0,0.0,45.77,0.0,0.0,0.0,23.92,1.515
0.0,0.0,0.0,0.0,0.0,0.0,0.0,0.0,33.62,0.0,0.0,0.0,0.0,43.57,0.0,0.0,0.0,22.81,1.5089999
0.0,0.0,0.0,0.0,0.0,0.0,0.0,0.0,12.22,0.0,0.0,0.0,0.0,63.11,0.0,0.0,0.0,24.67,1.5130000000000001
0.0,0.0,0.0,0.0,0.0,0.0,0.0,0.0,12.94,0.0,0.0,0.0,0.0,62.55,0.0,0.0,0.0,24.51,1.5140001
0.0,0.0,0.0,0.0,0.0,0.0,0.0,0.0,3.84,0.0,0.0,0.0,0.0,75.4,0.0,0.0,0.0,20.76,1.495
0.0,0.0,0.0,0.0,0.0,0.0,0.0,0.0,7.44,0.0,0.0,0.0,0.0,72.57,0.0,0.0,0.0,19.99,1.5030000000000001
0.0,0.0,0.0,0.0,0.0,0.0,0.0,0.0,9.66,0.0,0.0,0.0,0.0,70.81,0.0,0.0,0.0,19.53,1.507
0.0,0.0,0.0,0.0,0.0,0.0,0.0,0.0,10.61,0.0,0.0,0.0,0.0,70.15,0.0,0.0,0.0,19.24,1.508
0.0,0.0,0.0,0.0,0.0,0.0,0.0,0.0,11.77,0.0,0.0,0.0,0.0,69.16,0.0,0.0,0.0,19.07,1.51
0.0,0.0,0.0,0.0,0.0,0.0,0.0,0.0,15.86,0.0,0.0,0.0,0.0,65.97,0.0,0.0,0.0,18.17,1.511
0.0,0.0,0.0,0.0,0.0,0.0,0.0,0.0,16.69,0.0,0.0,0.0,0.0,65.29,0.0,0.0,0.0,18.01,1.511
0.0,0.0,0.0,0.0,0.0,0.0,0.0,0.0,18.68,0.0,0.0,0.0,0.0,63.76,0.0,0.0,0.0,17.56,1.5089999
0.0,0.0,0.0,0.0,0.0,0.0,0.0,0.0,21.08,0.0,0.0,0.0,0.0,61.95,0.0,0.0,0.0,16.97,1.506
0.0,0.0,0.0,0.0,0.0,0.0,0.0,0.0,22.74,0.0,0.0,0.0,0.0,60.6,0.0,0.0,0.0,16.66,1.5039999
0.0,0.0,0.0,0.0,0.0,0.0,0.0,0.0,24.71,0.0,0.0,0.0,0.0,59.07,0.0,0.0,0.0,16.22,1.5019999999999998
0.0,0.0,0.0,0.0,0.0,0.0,0.0,0.0,26.26,0.0,0.0,0.0,0.0,57.83,0.0,0.0,0.0,15.92,1.499
0.0,0.0,0.0,0.0,0.0,0.0,0.0,0.0,28.84,0.0,0.0,0.0,0.0,55.84,0.0,0.0,0.0,15.32,1.495
0.0,0.0,0.0,0.0,0.0,0.0,0.0,0.0,31.41,0.0,0.0,0.0,0.0,53.86,0.0,0.0,0.0,14.73,1.492
0.0,0.0,0.0,0.0,0.0,0.0,0.0,0.0,34.77,0.0,0.0,0.0,0.0,51.1,0.0,0.0,0.0,14.13,1.489
0.0,0.0,0.0,0.0,0.0,0.0,0.0,0.0,16.95,0.0,0.0,0.0,0.0,78.02,5.03,0.0,0.0,0.0,1.472
0.0,0.0,0.0,0.0,0.0,0.0,0.0,0.0,22.43,0.0,0.0,0.0,0.0,72.58,4.99,0.0,0.0,0.0,1.4709999999999999
0.0,0.0,0.0,0.0,0.0,0.0,0.0,0.0,23.62,0.0,0.0,0.0,0.0,71.4,4.98,0.0,0.0,0.0,1.47
0.0,0.0,0.0,0.0,0.0,0.0,0.0,0.0,27.82,0.0,0.0,0.0,0.0,67.23,4.95,0.0,0.0,0.0,1.469
0.0,0.0,0.0,0.0,0.0,0.0,0.0,0.0,31.33,0.0,0.0,0.0,0.0,63.74,4.93,0.0,0.0,0.0,1.469
0.0,0.0,0.0,0.0,0.0,0.0,0.0,0.0,33.13,0.0,0.0,0.0,0.0,61.95,4.92,0.0,0.0,0.0,1.47
0.0,0.0,0.0,0.0,0.0,0.0,0.0,0.0,16.94,0.0,0.0,0.0,0.0,75.52,7.54,0.0,0.0,0.0,1.485
0.0,0.0,0.0,0.0,0.0,0.0,0.0,0.0,18.8,0.0,0.0,0.0,0.0,72.88,8.32,0.0,0.0,0.0,1.4869999999999999
0.0,0.0,0.0,0.0,0.0,0.0,0.0,0.0,5.73,0.0,0.0,0.0,0.0,84.07,10.2,0.0,0.0,0.0,1.4869999999999999
0.0,0.0,0.0,0.0,0.0,0.0,0.0,0.0,7.66,0.0,0.0,0.0,0.0,82.17,10.18,0.0,0.0,0.0,1.492
0.0,0.0,0.0,0.0,0.0,0.0,0.0,0.0,9.46,0.0,0.0,0.0,0.0,80.39,10.15,0.0,0.0,0.0,1.4960001
0.0,0.0,0.0,0.0,0.0,0.0,0.0,0.0,14.16,0.0,0.0,0.0,0.0,75.76,10.08,0.0,0.0,0.0,1.4980000000000002
0.0,0.0,0.0,0.0,0.0,0.0,0.0,0.0,22.39,0.0,0.0,0.0,0.0,67.64,9.97,0.0,0.0,0.0,1.494
0.0,0.0,0.0,0.0,0.0,0.0,0.0,0.0,25.96,0.0,0.0,0.0,0.0,64.13,9.92,0.0,0.0,0.0,1.4910001
0.0,0.0,0.0,0.0,0.0,0.0,0.0,0.0,30.44,0.0,0.0,0.0,0.0,59.71,9.85,0.0,0.0,0.0,1.489
0.0,0.0,0.0,0.0,0.0,0.0,0.0,0.0,33.08,0.0,0.0,0.0,0.0,57.1,9.82,0.0,0.0,0.0,1.4869999999999999
0.0,0.0,0.0,0.0,0.0,0.0,0.0,0.0,9.12,0.0,0.0,0.0,0.0,78.7,12.18,0.0,0.0,0.0,1.5
0.0,0.0,0.0,0.0,0.0,0.0,0.0,0.0,16.91,0.0,0.0,0.0,0.0,71.04,12.05,0.0,0.0,0.0,1.507
0.0,0.0,0.0,0.0,0.0,0.0,0.0,0.0,27.76,0.0,0.0,0.0,0.0,59.89,12.36,0.0,0.0,0.0,1.5039999
0.0,0.0,0.0,0.0,0.0,0.0,0.0,0.0,7.99,0.0,0.0,0.0,0.0,77.79,14.22,0.0,0.0,0.0,1.501
0.0,0.0,0.0,0.0,0.0,0.0,0.0,0.0,23.45,0.0,0.0,0.0,0.0,62.64,13.92,0.0,0.0,0.0,1.5130000000000001
0.0,0.0,0.0,0.0,0.0,0.0,0.0,0.0,0.0,0.0,0.0,0.0,0.0,84.6,15.4,0.0,0.0,0.0,1.482
0.0,0.0,0.0,0.0,0.0,0.0,0.0,0.0,5.72,0.0,0.0,0.0,0.0,79.0,15.28,0.0,0.0,0.0,1.4969999999999999
0.0,0.0,0.0,0.0,0.0,0.0,0.0,0.0,8.55,0.0,0.0,0.0,0.0,76.23,15.22,0.0,0.0,0.0,1.5039999
0.0,0.0,0.0,0.0,0.0,0.0,0.0,0.0,11.35,0.0,0.0,0.0,0.0,73.49,15.16,0.0,0.0,0.0,1.5089999
0.0,0.0,0.0,0.0,0.0,0.0,0.0,0.0,14.14,0.0,0.0,0.0,0.0,70.76,15.1,0.0,0.0,0.0,1.5130000000000001
0.0,0.0,0.0,0.0,0.0,0.0,0.0,0.0,20.51,0.0,0.0,0.0,0.0,64.52,14.97,0.0,0.0,0.0,1.517
0.0,0.0,0.0,0.0,0.0,0.0,0.0,0.0,20.95,0.0,0.0,0.0,0.0,64.09,14.96,0.0,0.0,0.0,1.517
0.0,0.0,0.0,0.0,0.0,0.0,0.0,0.0,22.36,0.0,0.0,0.0,0.0,62.71,14.93,0.0,0.0,0.0,1.517
0.0,0.0,0.0,0.0,0.0,0.0,0.0,0.0,30.39,0.0,0.0,0.0,0.0,54.85,14.76,0.0,0.0,0.0,1.5140001
0.0,0.0,0.0,0.0,0.0,0.0,0.0,0.0,33.03,0.0,0.0,0.0,0.0,52.26,14.7,0.0,0.0,0.0,1.5119999999999998
0.0,0.0,0.0,0.0,0.0,0.0,0.0,0.0,9.44,0.0,0.0,0.0,0.0,73.64,16.91,0.0,0.0,0.0,1.508
0.0,0.0,0.0,0.0,0.0,0.0,0.0,0.0,36.47,0.0,0.0,0.0,0.0,47.25,16.28,0.0,0.0,0.0,1.516
0.0,0.0,0.0,0.0,0.0,0.0,0.0,0.0,13.57,0.0,0.0,0.0,0.0,68.31,18.12,0.0,0.0,0.0,1.516
0.0,0.0,0.0,0.0,0.0,0.0,0.0,0.0,22.34,0.0,0.0,0.0,0.0,59.76,17.9,0.0,0.0,0.0,1.5230000000000001
0.0,0.0,0.0,0.0,0.0,0.0,0.0,0.0,26.42,0.0,0.0,0.0,0.0,54.8,18.78,0.0,0.0,0.0,1.525
0.0,0.0,0.0,0.0,0.0,0.0,0.0,0.0,0.0,0.0,0.0,0.0,0.0,79.5,20.5,0.0,0.0,0.0,1.49
0.0,0.0,0.0,0.0,0.0,0.0,0.0,0.0,5.71,0.0,0.0,0.0,0.0,73.95,20.34,0.0,0.0,0.0,1.505
0.0,0.0,0.0,0.0,0.0,0.0,0.0,0.0,11.34,0.0,0.0,0.0,0.0,68.48,20.18,0.0,0.0,0.0,1.515
0.0,0.0,0.0,0.0,0.0,0.0,0.0,0.0,15.0,0.0,0.0,0.0,0.0,64.92,20.08,0.0,0.0,0.0,1.5190001
0.0,0.0,0.0,0.0,0.0,0.0,0.0,0.0,16.87,0.0,0.0,0.0,0.0,63.1,20.03,0.0,0.0,0.0,1.521
0.0,0.0,0.0,0.0,0.0,0.0,0.0,0.0,18.74,0.0,0.0,0.0,0.0,61.29,19.98,0.0,0.0,0.0,1.5230000000000001
0.0,0.0,0.0,0.0,0.0,0.0,0.0,0.0,19.94,0.0,0.0,0.0,0.0,60.12,19.94,0.0,0.0,0.0,1.5230000000000001
0.0,0.0,0.0,0.0,0.0,0.0,0.0,0.0,27.69,0.0,0.0,0.0,0.0,52.58,19.72,0.0,0.0,0.0,1.526
0.0,0.0,0.0,0.0,0.0,0.0,0.0,0.0,32.98,0.0,0.0,0.0,0.0,47.44,19.58,0.0,0.0,0.0,1.525
0.0,0.0,0.0,0.0,0.0,0.0,0.0,0.0,43.32,0.0,0.0,0.0,0.0,37.39,19.28,0.0,0.0,0.0,1.521
0.0,0.0,0.0,0.0,0.0,0.0,0.0,0.0,24.47,0.0,0.0,0.0,0.0,53.75,21.78,0.0,0.0,0.0,1.526
0.0,0.0,0.0,0.0,0.0,0.0,0.0,0.0,11.33,0.0,0.0,0.0,0.0,65.98,22.69,0.0,0.0,0.0,1.516
0.0,0.0,0.0,0.0,0.0,0.0,0.0,0.0,16.86,0.0,0.0,0.0,0.0,60.63,22.51,0.0,0.0,0.0,1.5219999999999998
0.0,0.0,0.0,0.0,0.0,0.0,0.0,0.0,22.31,0.0,0.0,0.0,0.0,55.35,22.34,0.0,0.0,0.0,1.526
0.0,0.0,0.0,0.0,0.0,0.0,0.0,0.0,27.67,0.0,0.0,0.0,0.0,50.15,22.17,0.0,0.0,0.0,1.528
0.0,0.0,0.0,0.0,0.0,0.0,0.0,0.0,0.0,0.0,0.0,0.0,0.0,74.41,25.59,0.0,0.0,0.0,1.4980000000000002
0.0,0.0,0.0,0.0,0.0,0.0,0.0,0.0,5.7,0.0,0.0,0.0,0.0,68.91,25.39,0.0,0.0,0.0,1.5089999
0.0,0.0,0.0,0.0,0.0,0.0,0.0,0.0,9.42,0.0,0.0,0.0,0.0,65.32,25.26,0.0,0.0,0.0,1.515
0.0,0.0,0.0,0.0,0.0,0.0,0.0,0.0,11.32,0.0,0.0,0.0,0.0,63.49,25.19,0.0,0.0,0.0,1.517
0.0,0.0,0.0,0.0,0.0,0.0,0.0,0.0,14.09,0.0,0.0,0.0,0.0,60.81,25.09,0.0,0.0,0.0,1.52
0.0,0.0,0.0,0.0,0.0,0.0,0.0,0.0,16.85,0.0,0.0,0.0,0.0,58.16,25.0,0.0,0.0,0.0,1.5219999999999998
0.0,0.0,0.0,0.0,0.0,0.0,0.0,0.0,18.71,0.0,0.0,0.0,0.0,56.36,24.93,0.0,0.0,0.0,1.525
0.0,0.0,0.0,0.0,0.0,0.0,0.0,0.0,22.29,0.0,0.0,0.0,0.0,52.9,24.81,0.0,0.0,0.0,1.526
0.0,0.0,0.0,0.0,0.0,0.0,0.0,0.0,23.15,0.0,0.0,0.0,0.0,52.07,24.78,0.0,0.0,0.0,1.526
0.0,0.0,0.0,0.0,0.0,0.0,0.0,0.0,30.3,0.0,0.0,0.0,0.0,45.17,24.52,0.0,0.0,0.0,1.528
0.0,0.0,0.0,0.0,0.0,0.0,0.0,0.0,32.93,0.0,0.0,0.0,0.0,42.63,24.43,0.0,0.0,0.0,1.5290000000000001
0.0,0.0,0.0,0.0,0.0,0.0,0.0,0.0,36.38,0.0,0.0,0.0,0.0,39.31,24.31,0.0,0.0,0.0,1.5290000000000001
0.0,0.0,0.0,0.0,0.0,0.0,0.0,0.0,40.71,0.0,0.0,0.0,0.0,35.13,24.16,0.0,0.0,0.0,1.528
0.0,0.0,0.0,0.0,0.0,0.0,0.0,0.0,27.63,0.0,0.0,0.0,0.0,45.31,27.06,0.0,0.0,0.0,1.527
0.0,0.0,0.0,0.0,0.0,0.0,0.0,0.0,32.91,0.0,0.0,0.0,0.0,40.24,26.86,0.0,0.0,0.0,1.5290000000000001
0.0,0.0,0.0,0.0,0.0,0.0,0.0,0.0,17.93,0.0,0.0,0.0,0.0,54.15,27.93,0.0,0.0,0.0,1.5230000000000001
0.0,0.0,0.0,0.0,0.0,0.0,0.0,0.0,0.0,0.0,0.0,0.0,0.0,69.34,30.66,0.0,0.0,0.0,1.5039999
0.0,0.0,0.0,0.0,0.0,0.0,0.0,0.0,11.3,0.0,0.0,0.0,0.0,58.52,30.18,0.0,0.0,0.0,1.517
0.0,0.0,0.0,0.0,0.0,0.0,0.0,0.0,16.82,0.0,0.0,0.0,0.0,53.23,29.95,0.0,0.0,0.0,1.5219999999999998
0.0,0.0,0.0,0.0,0.0,0.0,0.0,0.0,17.37,0.0,0.0,0.0,0.0,52.7,29.93,0.0,0.0,0.0,1.5219999999999998
0.0,0.0,0.0,0.0,0.0,0.0,0.0,0.0,22.26,0.0,0.0,0.0,0.0,48.02,29.72,0.0,0.0,0.0,1.525
0.0,0.0,0.0,0.0,0.0,0.0,0.0,0.0,27.61,0.0,0.0,0.0,0.0,42.89,29.5,0.0,0.0,0.0,1.527
0.0,0.0,0.0,0.0,0.0,0.0,0.0,0.0,30.26,0.0,0.0,0.0,0.0,40.36,29.39,0.0,0.0,0.0,1.527
0.0,0.0,0.0,0.0,0.0,0.0,0.0,0.0,36.32,0.0,0.0,0.0,0.0,34.55,29.13,0.0,0.0,0.0,1.528
0.0,0.0,0.0,0.0,0.0,0.0,0.0,0.0,40.65,0.0,0.0,0.0,0.0,30.4,28.95,0.0,0.0,0.0,1.528
0.0,0.0,0.0,0.0,0.0,0.0,0.0,0.0,0.0,0.0,0.0,0.0,0.0,66.01,33.99,0.0,0.0,0.0,1.506
0.0,0.0,0.0,0.0,0.0,0.0,0.0,0.0,32.83,0.0,0.0,0.0,0.0,32.11,35.07,0.0,0.0,0.0,1.5230000000000001
0.0,0.0,0.0,0.0,0.0,0.0,0.0,0.0,27.55,0.0,0.0,0.0,0.0,35.66,36.79,0.0,0.0,0.0,1.521
0.0,0.0,0.0,0.0,0.0,0.0,0.0,0.0,14.91,0.0,0.0,0.0,0.0,45.18,39.92,0.0,0.0,0.0,1.516
0.0,0.0,0.0,0.0,0.0,0.0,0.0,0.0,22.19,0.0,0.0,0.0,0.0,38.3,39.51,0.0,0.0,0.0,1.517
0.0,0.0,0.0,0.0,0.0,0.0,0.0,3.28,6.11,0.0,0.0,0.0,0.0,63.07,0.0,0.0,0.0,27.54,1.5019999999999998
0.0,0.0,0.0,0.0,0.0,0.0,0.0,0.0,0.0,0.0,0.0,0.0,0.0,71.84,0.0,0.0,0.0,28.16,1.4869999999999999
12.56,0.0,0.0,7.25,0.0,0.0,0.0,11.14,23.41,0.0,0.0,0.0,0.0,40.41,5.21,0.0,0.0,0.0,1.5650001
2.27,0.0,0.0,6.55,0.0,0.0,0.0,10.06,21.13,0.0,0.0,0.0,0.0,36.48,23.52,0.0,0.0,0.0,1.545
0.0,2.56,0.0,0.0,0.0,0.0,0.0,2.26,16.48,0.0,0.0,0.0,0.0,67.51,0.0,0.0,0.0,10.94,1.49
0.0,0.0,0.0,0.0,14.01,0.0,0.0,25.47,0.0,0.0,0.0,0.0,0.0,45.03,15.49,0.0,0.0,0.0,1.545
0.0,0.0,0.0,0.0,12.18,0.0,0.0,22.15,0.0,0.0,0.0,0.0,0.0,52.21,13.46,0.0,0.0,0.0,1.534
0.0,0.0,0.0,0.0,10.78,0.0,0.0,19.59,0.0,0.0,0.0,0.0,0.0,57.72,11.91,0.0,0.0,0.0,1.525
0.0,0.0,0.0,0.0,9.66,0.0,0.0,17.56,0.0,0.0,0.0,0.0,0.0,62.1,10.68,0.0,0.0,0.0,1.518
0.0,0.0,0.0,0.0,8.75,0.0,0.0,15.92,0.0,0.0,0.0,0.0,0.0,65.66,9.67,0.0,0.0,0.0,1.5119999999999998
0.0,0.0,0.0,0.0,41.03,0.0,0.0,2.92,0.0,0.0,0.0,0.0,0.0,54.28,1.77,0.0,0.0,0.0,1.605
0.0,0.0,0.0,0.0,38.6,0.0,0.0,3.89,0.0,0.0,0.0,0.0,0.0,55.15,2.36,0.0,0.0,0.0,1.597
0.0,0.0,0.0,0.0,33.79,0.0,0.0,5.83,0.0,0.0,0.0,0.0,0.0,56.83,3.55,0.0,0.0,0.0,1.585
0.0,0.0,0.0,0.0,28.87,0.0,0.0,7.76,0.0,0.0,0.0,0.0,0.0,58.65,4.72,0.0,0.0,0.0,1.569
0.0,0.0,0.0,0.0,21.72,0.0,0.0,10.69,0.0,0.0,0.0,0.0,0.0,61.09,6.5,0.0,0.0,0.0,1.5490000000000002
0.0,0.0,0.0,0.0,19.31,0.0,0.0,11.66,0.0,0.0,0.0,0.0,0.0,61.94,7.09,0.0,0.0,0.0,1.5430000000000001
0.0,0.0,0.0,0.0,16.89,0.0,0.0,12.64,0.0,0.0,0.0,0.0,0.0,62.79,7.68,0.0,0.0,0.0,1.5330000000000001
0.0,0.0,0.0,0.0,14.48,0.0,0.0,13.61,0.0,0.0,0.0,0.0,0.0,63.64,8.27,0.0,0.0,0.0,1.5290000000000001
0.0,0.0,0.0,0.0,12.07,0.0,0.0,14.58,0.0,0.0,0.0,0.0,0.0,64.49,8.86,0.0,0.0,0.0,1.518
0.0,0.0,0.0,0.0,9.64,0.0,0.0,15.63,0.0,0.0,0.0,0.0,0.0,65.26,9.47,0.0,0.0,0.0,1.5119999999999998
0.0,0.0,0.0,0.0,7.24,0.0,0.0,16.52,0.0,0.0,0.0,0.0,0.0,66.19,10.05,0.0,0.0,0.0,1.508
0.0,0.0,0.0,0.0,5.79,0.0,0.0,17.11,0.0,0.0,0.0,0.0,0.0,66.7,10.4,0.0,0.0,0.0,1.5039999
0.0,0.0,0.0,0.0,0.0,0.0,0.0,19.44,0.0,0.0,0.0,0.0,0.0,68.74,11.82,0.0,0.0,0.0,1.489
16.94,0.0,0.0,0.0,0.0,0.0,0.0,0.0,26.31,0.0,0.0,0.0,0.0,56.76,0.0,0.0,0.0,0.0,1.556
16.29,0.0,0.0,0.0,0.0,0.0,0.0,9.27,25.31,0.0,0.0,0.0,0.0,49.14,0.0,0.0,0.0,0.0,1.5519999999999998
15.99,0.0,0.0,0.0,0.0,0.0,0.0,13.64,24.83,0.0,0.0,0.0,0.0,45.54,0.0,0.0,0.0,0.0,1.551
15.69,0.0,0.0,0.0,0.0,0.0,0.0,17.85,24.38,0.0,0.0,0.0,0.0,42.08,0.0,0.0,0.0,0.0,1.55
15.14,0.0,0.0,0.0,0.0,0.0,0.0,25.83,23.52,0.0,0.0,0.0,0.0,35.52,0.0,0.0,0.0,0.0,1.548
0.0,0.0,0.0,0.0,0.0,0.0,0.0,0.0,22.26,0.0,0.0,0.0,0.0,48.02,29.72,0.0,0.0,0.0,1.5230000000000001
0.0,0.0,0.0,0.0,0.0,0.0,0.0,7.89,21.54,0.0,0.0,0.0,0.0,41.82,28.76,0.0,0.0,0.0,1.52
0.0,0.0,0.0,0.0,0.0,0.0,0.0,11.64,21.19,0.0,0.0,0.0,0.0,38.87,28.3,0.0,0.0,0.0,1.5190001
0.0,0.0,0.0,0.0,0.0,0.0,0.0,15.28,20.86,0.0,0.0,0.0,0.0,36.01,27.86,0.0,0.0,0.0,1.517
0.0,0.0,0.0,0.0,0.0,0.0,0.0,22.22,20.23,0.0,0.0,0.0,0.0,30.55,27.01,0.0,0.0,0.0,1.515
16.55,0.0,0.0,0.0,0.0,0.0,0.0,14.12,0.0,0.0,0.0,0.0,0.0,69.33,0.0,0.0,0.0,0.0,1.538
16.41,0.0,0.0,0.0,0.0,0.0,0.0,14.0,6.37,0.0,0.0,0.0,0.0,63.23,0.0,0.0,0.0,0.0,1.544
16.26,0.0,0.0,0.0,0.0,0.0,0.0,13.87,12.63,0.0,0.0,0.0,0.0,57.23,0.0,0.0,0.0,0.0,1.548
16.12,0.0,0.0,0.0,0.0,0.0,0.0,13.76,18.78,0.0,0.0,0.0,0.0,51.34,0.0,0.0,0.0,0.0,1.5490000000000002
15.99,0.0,0.0,0.0,0.0,0.0,0.0,13.64,24.83,0.0,0.0,0.0,0.0,45.54,0.0,0.0,0.0,0.0,1.551
15.85,0.0,0.0,0.0,0.0,0.0,0.0,13.52,30.78,0.0,0.0,0.0,0.0,39.84,0.0,0.0,0.0,0.0,1.551
0.0,0.0,0.0,0.0,0.0,0.0,0.0,11.99,0.0,0.0,0.0,0.0,0.0,58.87,29.15,0.0,0.0,0.0,1.507
0.0,0.0,0.0,0.0,0.0,0.0,0.0,11.9,5.42,0.0,0.0,0.0,0.0,53.75,28.93,0.0,0.0,0.0,1.5119999999999998
0.0,0.0,0.0,0.0,0.0,0.0,0.0,11.81,10.75,0.0,0.0,0.0,0.0,48.72,28.72,0.0,0.0,0.0,1.515
0.0,0.0,0.0,0.0,0.0,0.0,0.0,11.72,16.01,0.0,0.0,0.0,0.0,43.76,28.51,0.0,0.0,0.0,1.517
0.0,0.0,0.0,0.0,0.0,0.0,0.0,11.64,21.19,0.0,0.0,0.0,0.0,38.87,28.3,0.0,0.0,0.0,1.5190001
0.0,0.0,0.0,0.0,0.0,0.0,0.0,11.56,26.3,0.0,0.0,0.0,0.0,34.05,28.1,0.0,0.0,0.0,1.5190001
15.99,0.0,0.0,0.0,0.0,0.0,0.0,13.64,24.83,0.0,0.0,0.0,0.0,45.54,0.0,0.0,0.0,0.0,1.551
12.95,0.0,0.0,0.0,0.0,0.0,0.0,13.26,24.14,0.0,0.0,0.0,0.0,44.27,5.37,0.0,0.0,0.0,1.544
10.08,0.0,0.0,0.0,0.0,0.0,0.0,12.9,23.49,0.0,0.0,0.0,0.0,43.08,10.46,0.0,0.0,0.0,1.54
7.36,0.0,0.0,0.0,0.0,0.0,0.0,12.56,22.87,0.0,0.0,0.0,0.0,41.94,15.27,0.0,0.0,0.0,1.534
4.78,0.0,0.0,0.0,0.0,0.0,0.0,12.24,22.28,0.0,0.0,0.0,0.0,40.86,19.84,0.0,0.0,0.0,1.5290000000000001
2.33,0.0,0.0,0.0,0.0,0.0,0.0,11.93,21.72,0.0,0.0,0.0,0.0,39.84,24.17,0.0,0.0,0.0,1.525
0.0,0.0,0.0,0.0,0.0,0.0,0.0,11.64,21.19,0.0,0.0,0.0,0.0,38.87,28.3,0.0,0.0,0.0,1.5190001
0.0,0.0,0.0,0.0,16.52,0.0,0.0,0.0,0.0,0.0,15.13,0.0,0.0,59.04,0.0,0.0,0.0,9.3,1.5599999
0.0,0.0,0.0,0.0,21.49,0.0,0.0,0.0,0.0,0.0,19.58,0.0,0.0,46.9,0.0,0.0,0.0,12.03,1.5919999999999999
0.0,0.0,0.0,0.0,22.7,0.0,0.0,0.0,0.0,0.0,20.69,0.0,0.0,43.91,0.0,0.0,0.0,12.71,1.6
0.0,0.0,0.0,0.0,23.49,0.0,0.0,0.0,0.0,0.0,21.41,0.0,0.0,41.95,0.0,0.0,0.0,13.15,1.605
0.0,0.0,0.0,0.0,24.27,0.0,0.0,0.0,0.0,0.0,22.12,0.0,0.0,40.01,0.0,0.0,0.0,13.59,1.6119999999999999
0.0,0.0,0.0,0.0,25.43,0.0,0.0,0.0,0.0,0.0,23.18,0.0,0.0,37.15,0.0,0.0,0.0,14.24,1.618
0.0,0.0,0.0,0.0,18.83,0.0,0.0,0.0,0.0,0.0,0.0,0.0,0.0,65.56,15.61,0.0,0.0,0.0,1.546
0.0,0.0,0.99,0.0,18.64,0.0,0.0,0.0,0.0,0.0,0.0,0.0,0.0,64.91,15.46,0.0,0.0,0.0,1.5490000000000002
0.0,0.0,1.96,0.0,18.46,0.0,0.0,0.0,0.0,0.0,0.0,0.0,0.0,64.27,15.3,0.0,0.0,0.0,1.5549999
0.0,0.0,3.85,0.0,18.11,0.0,0.0,0.0,0.0,0.0,0.0,0.0,0.0,63.04,15.01,0.0,0.0,0.0,1.58
0.0,0.0,10.71,0.0,16.81,0.0,0.0,0.0,0.0,0.0,0.0,0.0,0.0,58.54,13.94,0.0,0.0,0.0,1.6
0.0,0.0,13.79,0.0,16.23,0.0,0.0,0.0,0.0,0.0,0.0,0.0,0.0,56.52,13.46,0.0,0.0,0.0,1.614
0.0,0.0,16.67,0.0,15.69,0.0,0.0,0.0,0.0,0.0,0.0,0.0,0.0,54.63,13.01,0.0,0.0,0.0,1.6369999999999998
0.0,0.0,18.03,0.0,15.43,0.0,0.0,0.0,0.0,0.0,0.0,0.0,0.0,53.74,12.8,0.0,0.0,0.0,1.651
0.0,0.0,23.08,0.0,14.48,0.0,0.0,0.0,0.0,0.0,0.0,0.0,0.0,50.43,12.01,0.0,0.0,0.0,1.655
0.0,0.0,28.57,0.0,13.45,0.0,0.0,0.0,0.0,0.0,0.0,0.0,0.0,46.83,11.15,0.0,0.0,0.0,1.655
0.0,0.0,0.0,0.0,0.0,0.0,0.0,0.0,80.0,0.0,0.0,0.0,0.0,10.0,10.0,0.0,0.0,0.0,1.492
0.0,0.0,0.0,0.0,0.0,0.0,0.0,8.2,0.0,0.0,0.0,0.0,0.0,91.8,0.0,0.0,0.0,0.0,1.4680001
0.0,0.0,0.0,0.0,0.0,0.0,0.0,0.0,5.75,0.0,0.0,0.0,0.0,94.25,0.0,0.0,0.0,0.0,1.456
0.0,0.0,0.0,0.0,0.0,0.0,0.0,4.95,5.63,0.0,0.0,0.0,0.0,89.42,0.0,0.0,0.0,0.0,1.462
0.0,0.0,0.0,0.0,0.0,0.0,0.0,11.24,5.48,0.0,0.0,0.0,0.0,83.28,0.0,0.0,0.0,0.0,1.472
0.0,0.0,0.0,0.0,0.0,0.0,0.0,14.26,5.41,0.0,0.0,0.0,0.0,80.32,0.0,0.0,0.0,0.0,1.4769999999999999
0.0,0.0,0.0,0.0,0.0,47.6,0.0,2.7,0.0,0.0,0.0,0.0,0.0,26.9,22.8,0.0,0.0,0.0,1.6950001
0.0,0.0,0.0,0.0,0.0,50.9,0.0,2.6,0.0,0.0,0.0,0.0,0.0,25.8,20.7,0.0,0.0,0.0,1.761
0.0,0.0,0.0,0.0,0.0,57.9,0.0,2.3,0.0,0.0,0.0,0.0,0.0,23.6,16.2,0.0,0.0,0.0,1.8030000000000002
0.0,0.0,0.0,0.0,0.0,61.8,0.0,2.2,0.0,0.0,0.0,0.0,0.0,22.3,13.7,0.0,0.0,0.0,1.834
0.0,0.0,0.0,0.0,0.0,47.5,0.0,3.0,0.0,0.0,0.0,0.0,0.0,29.8,19.7,0.0,0.0,0.0,1.756
0.0,0.0,0.0,0.0,0.0,50.7,0.0,2.9,0.0,0.0,0.0,0.0,0.0,28.7,17.7,0.0,0.0,0.0,1.7719999999999998
0.0,0.0,0.0,0.0,0.0,53.7,0.0,2.7,0.0,0.0,0.0,0.0,0.0,27.6,16.0,0.0,0.0,0.0,1.781
0.0,0.0,0.0,0.0,0.0,55.8,0.0,2.7,0.0,0.0,0.0,0.0,0.0,26.8,14.7,0.0,0.0,0.0,1.7920001
0.0,0.0,0.0,0.0,0.0,57.8,0.0,2.6,0.0,0.0,0.0,0.0,0.0,26.1,13.5,0.0,0.0,0.0,1.807
0.0,0.0,0.0,0.0,0.0,47.4,0.0,3.3,0.0,0.0,0.0,0.0,0.0,32.7,16.6,0.0,0.0,0.0,1.742
0.0,0.0,0.0,0.0,0.0,50.6,0.0,3.2,0.0,0.0,0.0,0.0,0.0,31.5,14.7,0.0,0.0,0.0,1.765
0.0,0.0,0.0,0.0,0.0,53.6,0.0,3.0,0.0,0.0,0.0,0.0,0.0,30.3,13.1,0.0,0.0,0.0,1.77
0.0,0.0,0.0,0.0,0.0,55.7,0.0,2.9,0.0,0.0,0.0,0.0,0.0,29.5,11.9,0.0,0.0,0.0,1.8049999
0.0,0.0,0.0,0.0,0.0,0.0,0.0,0.0,0.0,0.0,0.0,0.0,0.0,44.1,1.2,44.7,0.0,9.8,1.6059999
0.0,0.0,0.0,0.0,3.2,0.0,0.0,0.0,0.0,0.0,0.0,0.0,0.0,44.4,1.2,44.9,0.0,6.1,1.6219999999999999
0.0,0.0,0.0,0.0,3.24,0.0,0.0,0.0,2.02,0.0,0.0,0.0,0.0,41.92,1.21,45.43,0.0,6.18,1.6280000000000001
0.0,0.0,0.0,0.0,3.0,0.0,0.0,0.0,0.0,0.0,0.0,0.0,0.0,44.36,3.5,43.96,0.0,5.0,1.62
0.0,0.0,0.0,0.0,3.0,0.0,0.0,0.0,0.0,0.0,0.0,0.0,0.0,44.36,3.5,43.96,0.0,5.0,1.6219999999999999
0.0,0.0,0.0,0.0,3.0,0.0,0.0,0.0,0.0,0.0,0.0,0.0,0.0,44.36,3.5,43.96,0.0,5.0,1.62
0.0,0.0,0.0,0.0,3.0,0.0,0.0,0.0,0.0,0.0,0.0,0.0,0.0,44.36,3.5,43.96,0.0,5.0,1.624
0.0,0.0,0.0,0.0,3.0,0.0,0.0,0.0,0.0,0.0,0.0,0.0,0.0,44.36,3.5,43.96,0.0,5.0,1.626
0.0,0.0,0.0,0.0,3.0,0.0,0.0,0.0,0.0,0.0,0.0,0.0,0.0,44.36,3.5,43.96,0.0,5.0,1.626
0.0,0.0,0.0,0.0,3.0,0.0,0.0,0.0,0.0,0.0,0.0,0.0,0.0,44.36,3.5,43.96,0.0,5.0,1.6269999999999998
0.0,0.0,0.0,0.0,3.0,0.0,0.0,0.0,0.0,0.0,0.0,0.0,0.0,44.36,3.5,43.96,0.0,5.0,1.624
0.0,0.0,0.0,0.0,3.0,0.0,0.0,0.0,0.0,0.0,0.0,0.0,0.0,44.36,3.5,43.96,0.0,5.0,1.625
0.0,0.0,0.0,0.0,3.0,0.0,0.0,0.0,0.0,0.0,0.0,0.0,0.0,44.36,3.5,43.96,0.0,5.0,1.625
0.0,0.0,0.0,0.0,2.99,0.0,0.0,0.0,0.0,0.0,0.0,0.0,0.0,44.41,3.49,41.92,0.0,6.99,1.608
0.0,0.0,0.0,0.0,2.99,0.0,0.0,0.0,0.0,0.0,0.0,0.0,0.0,44.41,3.49,41.92,0.0,6.99,1.5959999999999999
0.0,0.0,0.0,0.0,2.99,0.0,0.0,0.0,0.0,0.0,0.0,0.0,0.0,46.41,3.49,41.92,0.0,4.99,1.618
0.0,0.0,0.0,0.0,2.94,0.0,0.0,0.0,0.0,0.0,0.0,0.0,0.0,45.47,3.42,43.08,0.0,4.89,1.6280000000000001
0.0,0.0,0.0,0.0,2.94,0.0,0.0,0.0,0.0,0.0,0.0,0.0,0.0,45.47,3.42,43.08,0.0,4.89,1.624
0.0,0.0,0.0,0.0,2.94,0.0,0.0,0.0,0.0,0.0,0.0,0.0,0.0,45.47,3.42,43.88,0.0,4.09,1.625
0.0,0.0,0.0,0.0,2.94,0.0,0.0,0.0,0.0,0.0,0.0,0.0,0.0,45.47,3.42,43.88,0.0,4.09,1.6269999999999998
0.0,0.0,0.0,0.0,2.94,0.0,0.0,0.0,0.0,0.0,0.0,0.0,0.0,45.47,3.42,43.88,0.0,4.09,1.624
0.0,0.0,0.0,0.0,2.94,0.0,0.0,0.0,0.0,0.0,0.0,0.0,0.0,45.47,3.42,43.88,0.0,4.09,1.6280000000000001
0.0,0.0,0.0,0.0,2.94,0.0,0.0,0.0,0.0,0.0,0.0,0.0,0.0,45.47,3.42,43.88,0.0,4.09,1.626
0.0,0.0,0.0,0.0,2.94,0.0,0.0,0.0,0.0,0.0,0.0,0.0,0.0,45.47,3.42,43.88,0.0,4.09,1.6269999999999998
0.0,0.0,0.0,0.0,2.94,0.0,0.0,0.0,0.0,0.0,0.0,0.0,0.0,45.47,3.42,43.88,0.0,4.09,1.6280000000000001
0.0,0.0,0.0,0.0,2.94,0.0,0.0,0.0,0.0,0.0,0.0,0.0,0.0,45.47,3.42,43.88,0.0,4.09,1.626
0.0,0.0,0.0,0.0,2.94,0.0,0.0,0.0,0.0,0.0,0.0,0.0,0.0,45.47,3.42,43.88,0.0,4.09,1.631
0.0,0.0,0.0,0.0,2.94,0.0,0.0,0.0,0.0,0.0,0.0,0.0,0.0,45.47,3.42,43.88,0.0,4.09,1.6269999999999998
0.0,0.0,0.0,0.0,2.94,0.0,0.0,0.0,0.0,0.0,0.0,0.0,0.0,45.47,3.42,43.88,0.0,4.09,1.625
0.0,0.0,0.0,0.0,0.0,0.0,0.0,0.0,0.52,0.0,0.0,0.0,0.0,44.12,0.0,47.46,0.0,7.69,1.624
0.0,0.0,0.0,0.0,0.0,0.0,0.0,0.0,0.52,0.0,0.0,0.0,0.0,44.12,2.0,47.46,0.0,5.7,1.6230000000000002
0.0,0.0,0.0,0.0,0.0,0.0,0.0,0.0,0.52,0.0,0.0,0.0,0.0,44.12,2.0,47.46,0.0,5.7,1.6219999999999999
0.0,0.0,0.0,0.0,1.79,0.0,0.0,0.0,0.52,0.0,0.0,0.0,0.0,46.27,3.47,43.69,0.0,4.07,1.614
0.0,0.0,0.0,0.0,1.79,0.0,0.0,0.0,0.52,0.0,0.0,0.0,0.0,46.27,3.47,43.69,0.0,4.07,1.62
0.0,0.0,0.0,0.0,1.79,0.0,0.0,0.0,0.52,0.0,0.0,0.0,0.0,46.27,3.47,43.69,0.0,4.07,1.6160001
0.0,0.0,0.0,0.0,1.79,0.0,0.0,0.0,0.0,0.0,0.0,0.0,0.0,45.42,3.49,44.82,0.0,4.08,1.619
0.0,0.0,0.0,0.0,1.79,0.0,0.0,0.0,0.0,0.0,0.0,0.0,0.0,45.42,3.49,44.82,0.0,4.08,1.624
0.0,0.0,0.0,0.0,1.99,0.0,0.0,0.0,0.0,0.0,0.0,0.0,0.0,44.22,3.49,45.82,0.0,4.08,1.624
0.0,0.0,0.0,0.0,1.99,0.0,0.0,0.0,0.0,0.0,0.0,0.0,0.0,44.22,3.49,45.82,0.0,4.08,1.6269999999999998
0.0,0.0,0.0,0.0,1.99,0.0,0.0,0.0,0.0,0.0,0.0,0.0,0.0,44.22,3.49,45.82,0.0,4.08,1.6269999999999998
0.0,0.0,0.0,0.0,1.99,0.0,0.0,0.0,0.0,0.0,0.0,0.0,0.0,44.22,3.49,45.82,0.0,4.08,1.631
0.0,0.0,0.0,0.0,1.99,0.0,0.0,0.0,0.0,0.0,0.0,0.0,0.0,44.22,3.49,45.82,0.0,4.08,1.626
0.0,0.0,0.0,0.0,1.99,0.0,0.0,0.0,0.0,0.0,0.0,0.0,0.0,44.22,3.49,45.82,0.0,4.08,1.6160001
0.0,0.0,0.0,0.0,1.99,0.0,0.0,0.0,0.0,0.0,0.0,0.0,0.0,44.22,3.49,45.82,0.0,4.08,1.6210001
0.0,0.0,0.0,0.0,1.99,0.0,0.0,0.0,0.0,0.0,0.0,0.0,0.0,44.22,3.49,45.82,0.0,4.08,1.6339999
0.0,0.0,0.0,0.0,1.99,0.0,0.0,0.0,0.0,0.0,0.0,0.0,0.0,44.22,3.49,45.82,0.0,4.08,1.6280000000000001
0.0,0.0,0.0,0.0,1.99,0.0,0.0,0.0,0.0,0.0,0.0,0.0,0.0,44.22,3.49,45.82,0.0,4.08,1.6280000000000001
0.0,0.0,0.0,0.0,1.99,0.0,0.0,0.0,0.0,0.0,0.0,0.0,0.0,44.22,3.49,45.82,0.0,4.08,1.626
0.0,0.0,0.0,0.0,1.99,0.0,0.0,0.0,0.0,0.0,0.0,0.0,0.0,44.22,3.49,45.82,0.0,4.08,1.6269999999999998
0.0,0.0,0.0,0.0,1.99,0.0,0.0,0.0,0.0,0.0,0.0,0.0,0.0,44.22,3.49,45.82,0.0,4.08,1.6280000000000001
0.0,0.0,0.0,0.0,1.99,0.0,0.0,0.0,0.0,0.0,0.0,0.0,0.0,44.22,3.49,45.82,0.0,4.08,1.624
0.0,0.0,0.0,0.0,1.99,0.0,0.0,0.0,0.0,0.0,0.0,0.0,0.0,44.22,3.49,45.82,0.0,4.08,1.624
0.0,0.0,0.0,0.0,1.99,0.0,0.0,0.0,0.0,0.0,0.0,0.0,0.0,44.22,3.49,45.82,0.0,4.08,1.6219999999999999
0.0,0.0,0.0,0.0,1.99,0.0,0.0,0.0,0.0,0.0,0.0,0.0,0.0,44.22,3.49,45.82,0.0,4.08,1.6280000000000001
0.0,0.0,0.0,0.0,1.99,0.0,0.0,0.0,0.0,0.0,0.0,0.0,0.0,44.22,3.49,45.82,0.0,4.08,1.626
0.0,0.0,0.0,0.0,1.99,0.0,0.0,0.0,0.0,0.0,0.0,0.0,0.0,44.22,3.49,45.82,0.0,4.08,1.6269999999999998
0.0,0.0,0.0,0.0,1.99,0.0,0.0,0.0,0.0,0.0,0.0,0.0,0.0,44.22,3.49,45.82,0.0,4.08,1.626
0.0,0.0,0.0,0.0,1.99,0.0,0.0,0.0,0.0,0.0,0.0,0.0,0.0,44.22,3.49,45.82,0.0,4.08,1.6230000000000002
0.0,0.0,0.0,0.0,1.99,0.0,0.0,0.0,0.0,0.0,0.0,0.0,0.0,44.22,3.49,45.82,0.0,4.08,1.63
0.0,0.0,0.0,0.0,1.99,0.0,0.0,0.0,0.0,0.0,0.0,0.0,0.0,44.22,3.49,45.82,0.0,4.08,1.624
0.0,0.0,0.0,0.0,1.99,0.0,0.0,0.0,0.0,0.0,0.0,0.0,0.0,44.72,3.49,45.32,0.0,4.08,1.6230000000000002
0.0,0.0,0.0,0.0,1.99,0.0,0.0,0.0,0.0,0.0,0.0,0.0,0.0,45.22,3.49,44.82,0.0,4.08,1.619
0.0,0.0,0.0,0.0,1.99,0.0,0.0,0.0,0.0,0.0,0.0,0.0,0.0,45.22,3.49,44.82,0.0,4.08,1.6210001
0.0,0.0,0.0,0.0,1.97,0.0,0.0,0.0,0.0,0.0,0.99,0.0,0.0,45.76,3.45,43.39,0.0,4.04,1.6210001
0.0,0.0,0.0,0.0,1.97,0.0,0.0,0.0,0.0,0.0,0.99,0.0,0.0,45.76,3.45,43.39,0.0,4.04,1.617
0.0,0.0,0.0,0.0,1.97,0.0,0.0,0.0,0.0,0.0,0.99,0.0,0.0,45.76,3.45,43.39,0.0,4.04,1.62
0.0,0.0,0.0,0.0,1.96,0.0,0.0,0.0,0.0,0.0,0.0,0.0,0.0,53.98,1.0,36.75,0.0,6.01,1.579
0.0,0.0,0.0,0.0,1.96,0.0,0.0,0.0,0.0,0.0,0.0,0.0,0.0,53.98,1.0,36.75,0.0,6.01,1.584
0.0,0.0,0.0,0.0,1.96,0.0,0.0,0.0,0.0,0.0,0.0,0.0,0.0,53.92,1.0,36.71,0.0,6.0,1.591
0.0,0.0,0.0,0.0,1.96,0.0,0.0,0.0,0.0,0.0,0.0,0.0,0.0,53.98,1.0,36.75,0.0,6.01,1.58
0.0,0.0,0.0,0.0,1.96,0.0,0.0,0.0,0.0,0.0,0.0,0.0,0.0,53.9,1.0,35.2,0.0,7.64,1.58
0.0,0.0,0.0,0.0,4.78,0.0,0.0,0.0,0.0,0.0,0.0,0.0,0.0,39.7,0.0,48.56,0.0,6.77,1.6469999999999998
0.0,0.0,0.0,0.0,3.99,0.0,0.0,0.0,0.0,1.0,0.0,0.0,0.0,38.92,2.99,48.9,0.0,3.99,1.655
0.0,2.53,0.0,0.0,0.0,0.0,0.0,0.0,2.68,0.0,14.29,0.0,0.0,53.75,1.69,16.73,0.0,8.32,1.568
0.0,2.52,0.0,0.0,0.0,0.0,0.0,0.0,1.68,0.0,14.23,0.0,0.0,58.53,1.69,12.67,0.0,8.29,1.5519999999999998
0.0,2.52,0.0,0.0,0.0,0.0,0.0,0.0,1.67,0.0,14.2,0.0,0.0,58.41,1.68,12.65,0.0,8.27,1.5490000000000002
0.0,2.52,0.0,0.0,0.0,0.0,0.0,0.0,1.67,0.0,14.22,0.0,0.0,58.47,1.68,12.66,0.0,8.28,1.556
0.0,2.52,0.0,0.0,0.0,0.0,0.0,0.0,1.67,0.0,14.2,0.0,0.0,58.41,1.68,12.65,0.0,8.27,1.558
0.0,2.52,0.0,0.0,0.0,0.0,0.0,0.0,1.68,0.0,14.23,0.0,0.0,58.53,1.69,12.67,0.0,8.29,1.5519999999999998
0.0,2.53,0.0,0.0,0.0,0.0,0.0,0.0,1.68,0.0,14.24,0.0,0.0,58.58,1.69,12.69,0.0,8.3,1.554
0.0,2.53,0.0,0.0,0.0,0.0,0.0,0.0,1.68,0.0,14.24,0.0,0.0,58.58,1.69,12.69,0.0,8.3,1.548
0.0,2.52,0.0,0.0,0.0,0.0,0.0,0.0,1.68,0.0,14.23,0.0,0.0,58.53,1.69,12.67,0.0,8.29,1.55
0.0,2.52,0.0,0.0,0.0,0.0,0.0,0.0,1.68,0.0,14.23,0.0,0.0,58.53,1.69,12.67,0.0,8.29,1.5490000000000002
0.0,2.52,0.0,0.0,0.0,0.0,0.0,0.0,1.68,0.0,14.23,0.0,0.0,58.53,1.69,12.67,0.0,8.29,1.5519999999999998
0.0,2.49,0.0,0.0,0.99,0.0,0.0,0.0,1.66,0.0,14.06,0.0,0.0,57.94,1.67,12.52,0.0,8.19,1.548
0.0,2.54,0.0,0.0,1.01,0.0,0.0,0.0,1.69,0.0,12.33,0.0,0.0,59.11,1.7,12.77,0.0,8.35,1.55
0.0,2.53,0.0,0.0,1.0,0.0,0.0,0.0,1.68,0.0,12.27,0.0,0.0,58.8,1.7,13.71,0.0,8.31,1.551
0.0,2.53,0.0,0.0,1.0,0.0,0.0,0.0,1.68,0.0,12.27,0.0,0.0,58.8,1.7,13.71,0.0,8.31,1.551
0.0,2.52,0.0,0.0,1.0,0.0,0.0,0.0,1.67,0.0,12.22,0.0,0.0,58.57,1.69,13.66,0.0,8.28,1.554
0.0,2.52,0.0,0.0,1.0,0.0,0.0,0.0,1.67,0.0,12.22,0.0,0.0,58.57,1.69,13.66,0.0,8.28,1.5530000000000002
0.0,2.53,0.0,0.0,1.0,0.0,0.0,0.0,1.68,0.0,12.27,0.0,0.0,58.81,1.69,13.71,0.0,8.31,1.554
0.0,2.53,0.0,0.0,1.0,0.0,0.0,0.0,1.68,0.0,12.27,0.0,0.0,58.81,1.69,13.71,0.0,8.31,1.5530000000000002
0.0,1.0,0.0,0.0,0.0,0.0,0.0,0.0,3.5,0.0,9.71,0.0,0.0,68.57,12.01,0.0,0.0,5.01,1.517
0.0,1.0,0.0,0.0,0.0,0.0,0.0,0.0,3.49,0.0,9.68,0.0,0.0,68.36,11.98,0.0,0.0,4.99,1.515
